#heliumInput = PHENOTYPE
LineName	Phenotype1=trs	Phenotype2=tca
1965357	252.7832463	27.1001618
1970321	254.2732007	30.71790368
1972370	257.5545468	32.0462948
1974383	237.5547945	30.0996873
1977042	234.412621	37.10497305
1979318	259.6290323	29.70651386
1982089	256.4446449	29.55206535
1983153	247.6511573	29.91734863
1985384	256.3222574	35.91434403
1985845	247.5434459	32.03228812
1986454	250.8606357	27.35073892
1990018	264.9266667	31.60280521
1991555	267.4463753	32.17317704
1994428	274.6950898	36.40847892
1995462	255.8547167	41.24954363
1995988	262.3974006	34.99784844
1996092	252.7004286	42.36138197
1996509	255.1085333	42.52144985
1996540	256.9295095	33.47285253
1996561	270.7273333	40.40477508
1997128	266.1072419	34.82990068
1997137	242.6609773	48.1784835
1997606	253.5997674	44.53187195
1997609	261.6205063	39.10594472
1998207	256.4801589	46.66128901
1998209	261.2316127	41.1540252
1998718	256.6895494	50.90637864
1998734	245.3763855	49.28154597
1998741	250.4694606	59.36328903
1998771	251.9927741	51.6262554
1998776	264.1142044	49.40931295
1998778	275.9499336	47.92308642
1998781	254.6226406	49.33002193
1999213	255.6398873	45.94025927
1999214	257.1103939	45.82218702
1999215	235.2714007	47.8310226
1999221	237.2975769	49.56992067
1999225	249.0443341	42.15310964
1999226	278.7251053	35.69857972
1999227	249.5127466	42.83193966
1999229	236.5492684	49.76952909
1999230	233.2564164	47.59800577
1999231	261.2506027	42.64134234
1999233	262.5490958	33.45952603
1999234	255.1002832	45.08812548
1999236	259.5886386	40.06898462
1999238	242.4901911	48.24016635
1999240	253.3149297	46.82102332
1999243	256.8399109	45.9812149
1999800	225.14	51.43001016
1999804	258.7667098	48.82887969
1999805	221.5142857	50.61095089
1999806	239.84125	55.04129297
1999808	261.3374987	46.28569688
1999809	274.29	53.751225
1999813	262.775	35.26582813
1999814	261.4766667	35.63563438
1999815	266.3654294	46.48545
1999817	252.355	44.45161875
1999821	243.59	42.99423047
1999822	233.09	41.88452813
1999825	258.6596664	49.36913438
1999829	256.52875	46.42032656
1999832	252.1566667	36.53334514
1999833	265.51875	46.58566172
1999837	260.2016667	33.85806875
1999838	262.42	48.14542734
1999839	248.2557143	53.01226071
1999854	247.51625	37.39835859
1999855	232.36375	46.89874922
1999857	224.24125	52.34630156
1999859	256.46875	49.16948438
1999861	249.1175	49.03364297
1999862	263.1075	43.77694922
1999866	245.1613544	52.44885622
1999870	243.1832112	48.27466875
2000246	247.4886049	43.62976406
2000247	213.8856623	46.90773621
2000248	230.001656	41.39674688
2000249	260.0068439	39.69736587
2000250	220.0510173	47.47179039
2000251	269.9681657	39.10814531
2000252	244.3099874	37.57012188
2000253	263.0144948	38.54417188
2000254	266.9581849	46.20214844
2000255	253.5059491	44.46514399
2000256	250.8434614	42.61015
2000257	266.7538851	40.4516089
2000258	255.4565624	34.35057656
2000259	231.0420947	49.73335601
2000260	282.3532195	46.34942813
2000261	270.5467298	42.01989688
2000262	249.135652	40.71725625
2000263	233.9665046	42.77989904
2000264	218.5038826	57.25478582
2000265	232.1844027	38.444725
2000266	248.8614488	38.92109296
2000267	237.7303333	45.43209688
2000268	238.7310374	51.80769159
2000269	234.2624874	44.26236719
2000270	234.5792178	50.54268894
2000271	255.0356649	40.63767548
2000272	252.141617	39.67060625
2000273	235.4802162	49.75531635
2000274	261.5294378	41.06532031
2000275	247.056442	46.22861719
2000276	276.4052671	36.09354375
2000277	238.7535668	44.53386094
2000278	253.6821508	45.92460469
2000900	275.5	57.56953125
2000901	263	55.23045
2000902	232	65.83005
2000903	256	61.483125
2000904	238	64.405275
2000905	238.0132776	51.29963438
2000906	243	51.21249375
2000907	242.5	61.73495625
2000908	272	49.06171875
2000909	262.8125	47.30882578
2000910	246	48.52629375
2000911	256	42.697875
2000912	223.425	49.32120703
2000913	260	44.96435625
2000914	259.825	45.87299063
2000915	232	73.952175
2000916	248	50.7973125
2000917	236.2625	50.75051953
2000918	242	49.7355375
2000919	271	53.279325
2000920	247.7875	50.99072344
2000921	252.8375	45.36819375
2000922	239	49.92951563
2000923	221.6625	49.485975
2000924	265	53.44040625
2000925	260.5875	35.97556875
2000926	251	44.68303125
2000927	244.5360052	47.2619866
2000928	266.0875	50.64133594
2000929	264	43.786875
2000930	255.9787648	45.71817785
2000931	238.4125	48.19084286
2000932	260.375	54.92416875
2000933	218.8272719	54.3803425
2000934	230.446618	49.38678938
2000935	226.2625	52.34545078
2000936	242.825	41.98236797
2000937	274.0875	50.71989141
2000938	249.7375	47.15058047
2000939	240.1913739	53.46935262
2000940	264.0875	47.71011094
2000941	235.225	56.04549844
2000942	254.3639889	48.61940875
2000943	253.85	41.68090781
2000944	253	58.97048438
2000945	236.4159806	46.30661063
2000946	237	64.0014375
2000947	269.8625	41.43985313
2000948	259.35	49.20862031
2000949	251.5	46.25328984
2000950	299.3478421	28.68745994
2000951	236.3710902	46.06987
2000952	259.5	64.2010875
2000953	262.4875	49.91391797
2000954	254.5	50.58405
2000955	237	64.7955
2000956	253.5	50.302725
2000957	246.375	47.36781328
2000958	264.5	60.90799688
2000959	258.5	46.80658125
2000960	210.678489	54.6702137
2000961	212.2666667	54.69237813
2001040	199.2933333	49.04861042
2001279	206.9767392	48.33846016
2001280	252.3744418	45.09934688
2001281	228.420262	53.80892057
2001282	224.3336526	44.1229336
2001283	277.325843	33.16924998
2001284	216.3731164	52.98665625
2001285	232.0077851	45.50753281
2001286	223.6193559	54.5180625
2001287	225.4344332	48.60645625
2001288	228.813739	50.40169922
2001289	209.5940082	55.2292211
2001290	219.3083341	48.5461625
2001291	272.5400475	40.28411406
2001292	258.7758498	47.62837544
2001293	234.0627746	48.856775
2001294	198.9854757	44.09514141
2001295	233.324184	42.61727766
2001296	277.1799691	46.0335425
2001297	244.0941535	49.61491563
2001298	219.0933216	50.21915938
2001299	264.833959	35.64743868
2001300	218.3785486	53.30793646
2001301	242.1905791	47.97120625
2001302	250.0327501	46.32021797
2001303	216.7478886	47.54080547
2001304	230.5241136	52.85771563
2001305	225.8836832	47.33113516
2001306	230.4938253	44.51117344
2001307	262.3052745	45.90966875
2001308	212.1737647	50.85686719
2001309	239.5540254	48.26935781
2001310	227.6427521	45.05907656
2001311	223.0089359	48.33335547
2001312	238.9794777	46.30950443
2001313	241.2439083	45.67523125
2001314	235.2635448	50.09797031
2001315	222.7787981	47.31739662
2001500	249.7655556	46.80078333
2001501	238.5	76.72572188
2001502	274	53.31789375
2001503	242.5	63.17788125
2001504	244.5	57.40845
2001505	261	50.37305625
2001506	227.3044444	47.00270208
2001507	218.36	42.77576875
2001508	274	49.51093125
2001509	258	50.29024688
2001510	223.4422222	42.06993542
2001511	237.5	58.9375875
2001512	228.5	49.39409063
2001513	232	47.54619375
2001514	226.5	51.54373125
2001515	235	56.5508625
2001516	259.5	65.63266875
2001517	276.2740541	46.46496882
2001518	235.5	53.93045625
2001519	250.5	43.6189875
2001520	227.5095652	47.68292375
2001521	228	58.4067
2001522	232	58.1208375
2001523	267.4366216	39.58555232
2001524	223.5	47.5893
2001525	251.5275	43.90768594
2001526	236.8488889	48.37932917
2001527	207.6228571	46.68568929
2001528	240.2733333	47.44208333
2001529	247.1630435	47.34541924
2001530	231.5	49.55176875
2001531	266.0855556	44.52749583
2001532	268.9344444	41.20831458
2001533	243.9588889	44.50858958
2001534	286.9813043	39.52746457
2001535	253.1388889	45.96185
2001536	226	60.42135
2001537	229.5	54.67460625
2001538	196	55.81125
2001539	270	55.22364375
2001541	255.4821739	47.5920225
2001542	224.5	77.37685313
2001543	249.1044444	43.43799167
2001544	258.5826087	47.18391054
2001545	243.7633333	38.214825
2001546	246.5	49.32149063
2001547	241.5	58.53375
2001548	249.5	44.85885938
2001549	234	55.8883875
2001550	275.5	53.82722813
2001551	270.062973	42.36659662
2001552	243	56.62119375
2001553	249.3495455	50.45975
2001554	223.5	61.57274063
2001556	263	56.564475
2001557	207	61.25625
2001558	254.7069565	46.02225136
2001559	239	55.3212
2001560	249.5	57.36874688
2001561	270.2236111	43.8422199
2001562	216	62.58346875
2001563	206	50.230125
2001564	278.7013514	37.43916093
2001565	244.5	58.38855
2001566	262	55.70235
2001567	256	52.61685
2002095	250	35.33615938
2002096	196.8333333	33.22622188
2002097	234.1666667	18.0411
2002098	238.7938889	29.75289167
2002099	226.8333333	28.24820625
2002316	251.448491	41.30377625
2002317	197.6192653	40.20054844
2002319	228.1060578	46.51655938
2002320	220.7438559	47.97295508
2002322	238.8407493	43.25414414
2002323	243.8825326	43.82449844
2002324	240.8739188	42.82084125
2002325	244.9209082	42.52086094
2002326	232.1018665	41.40293867
2002327	212.4182629	45.30948985
2002328	242.9461415	56.50775625
2002329	197.4137247	56.55766875
2002332	201.7328762	50.49613594
2002333	227.9313128	46.36639649
2002334	218.3839956	51.04498438
2002335	231.2635009	41.8644875
2002336	242.9153063	48.14006007
2002337	211.6472924	42.03965391
2002338	222.5183212	50.72244375
2002339	205.7714867	41.58675469
2002340	234.6059673	44.222475
2002341	235.2042014	42.22076528
2002342	243.5725693	44.54821489
2002343	253.304856	42.16043333
2002344	214.3210884	46.842125
2002345	271.4007268	44.34555469
2002346	227.9169296	43.24464375
2002347	218.0020442	42.85905078
2002348	223.6432985	48.82595781
2002349	228.304395	45.51622969
2002350	217.5693497	51.11399219
2002351	246.5394117	46.08852188
2002352	197.6512196	45.2978625
2002353	237.6570219	51.15115347
2002354	203.7874501	45.58922882
2002355	207.4066414	44.40794532
2002358	202.8467409	42.86746406
2002359	225.2638587	51.85341563
2002360	187.7656547	51.82619063
2002361	235.990171	43.88726719
2002600	279.0243792	39.4789725
2002601	246.5184405	42.839445
2002602	246.5	53.37688125
2002603	260.3852407	37.7329425
2002604	281.5	44.08635
2002605	236.5	48.887025
2002606	264.5	44.07500625
2002607	237	50.683875
2002608	238.5	52.78246875
2002609	257.5	50.89373438
2002610	249.2505564	46.40041898
2002611	255.5	48.34479375
2002612	251.4199237	43.53185742
2002613	231.5	60.89325
2002614	236.5	50.47515
2002615	265.2761613	43.35263625
2002616	278.5	42.82152188
2002617	261	41.10180938
2002618	259.9462629	39.26883583
2002619	245.5	71.193375
2002620	255.8567834	41.20463417
2002621	275.2004288	35.35257
2002622	247.5117193	40.84988233
2002623	266.215043	38.67058625
2002624	238.4241459	45.6064125
2002625	250.5711214	41.28734775
2002626	272.3878525	51.34272
2002627	260	45.375
2002628	260	49.10142188
2002629	268.7797623	39.12459375
2002630	258.5	51.9589125
2002631	269.9202783	44.98659
2002632	263.3553905	40.03362642
2002633	248.5	43.18565625
2002634	244.2020088	41.41247183
2002635	250.5	40.52781563
2002636	234.1516377	43.65984517
2002637	247.0833633	43.3576275
2002638	274.5	49.322625
2002639	259.5921747	38.58300783
2002640	269.976172	43.89176183
2002641	255.5	46.473075
2002642	268.8421316	47.209965
2002643	238.5	56.673375
2002644	251.5	52.12906875
2002645	264	51.72069375
2002646	247.2547453	51.6086175
2002647	253	52.18125
2002648	260.0952988	51.32320875
2002649	256.5	43.3558125
2002650	253	46.12595625
2002651	258.5	51.046875
2002652	246.499635	42.69834892
2002653	250.4688318	41.191909
2003362	219.2983422	39.6713625
2003363	231.9827787	53.18933125
2003364	220.0525142	45.40738125
2003365	228.5550575	41.39165938
2003366	214.9190757	44.65378958
2003367	236.5610803	44.3601125
2003368	214.8843976	39.44158854
2003369	219.0325768	51.17190833
2003371	278.8403355	31.99877446
2003372	235.1931838	43.21729271
2003373	223.9207274	35.96548542
2003374	239.9926357	50.8203025
2003375	226.6769862	43.30388333
2003376	221.6562828	48.15295833
2003377	201.3225012	66.73931458
2003378	252.8806323	40.24043792
2003379	212.9532587	42.91983438
2003380	223.8472481	51.31055417
2003381	242.0285393	36.42512156
2003382	209.9093325	50.871425
2003385	219.3686997	41.92397917
2003386	221.5071388	34.8561125
2003387	225.4840824	39.33321188
2003388	221.6082629	44.49409479
2003389	225.3731831	44.1332375
2003390	220.8414365	46.4008875
2003391	244.0942713	39.70302188
2003392	243.4391582	40.67274063
2003393	236.0150212	44.14045625
2003394	204.7242777	54.13905521
2003395	199.1276295	41.57232292
2003396	258.5188702	35.57256583
2003397	232.3852133	39.91385406
2003398	216.054663	44.37851458
2003399	227.2556227	32.27675
2003700	223	39.0724125
2003701	250	37.30505625
2003702	249.5	47.053875
2003703	252.625	42.08446172
2003704	255.2857143	42.95206143
2003705	215	38.1830625
2003706	220	36.44746875
2003707	277	37.04755313
2003708	275.8571429	40.44180839
2003709	232	41.4183
2003710	210	41.354775
2003711	255	38.89707054
2003712	231	46.52979375
2003713	252.875	36.80734922
2003714	231.125	36.95737031
2003715	222	42.3484875
2003716	252.7272727	44.56194188
2003717	239.625	41.19085781
2003718	261.75	34.92740625
2003719	246.5714286	42.11837143
2003720	239.2857143	38.64880446
2003721	226.8571429	36.79555982
2003722	232	63.05990625
2003723	233	39.1677
2003724	268	52.79835
2003725	240.375	38.92777969
2003726	267	33.4731375
2003727	222.7142857	35.69683661
2003728	280	41.32755
2003729	271	49.2091875
2003730	243.875	39.57777656
2003731	234.5	38.78484844
2003732	265.5	47.80483125
2003733	193	48.723675
2003734	197	46.9767375
2003735	249.75	38.91133125
2003736	239.125	33.71751429
2003737	252	45.12430313
2003738	239.625	34.44189375
2003739	217.125	38.04977344
2003740	204	44.8804125
2003741	255	49.98623438
2003742	247	49.1093625
2003743	276.3142105	42.95269543
2003744	209.7142857	44.71090446
2003745	225	42.7251
2003746	248.5	62.06619375
2003747	251.5	39.41159063
2003748	234	45.86618438
2003749	249.5714286	34.73683125
2003750	248	36.091275
2003751	246	33.3234
2003752	244.5	50.0894625
2003753	226	47.4123375
2003754	245.5	52.18692188
2003755	185	44.3994375
2003756	224	45.9966375
2003757	264.7727273	38.1463775
2003758	210	43.7415
2003759	247.8571429	36.09321964
2003760	235.5	50.7337875
2004400	246.8975	39.03903438
2004401	258.3225909	19.1558125
2004402	243.4134054	23.43089375
2004403	234.6229894	46.62481656
2004404	266.0125948	37.42807292
2004405	253.6210502	31.47588125
2004406	235.2924269	26.9966125
2004407	259.1427482	39.21296156
2004408	261.4071606	40.64408325
2004409	268.8813169	30.66385781
2004410	274.5155348	41.78330406
2004411	237.2591664	29.48089375
2004413	223.2395842	26.67445
2004414	230.0270825	26.6971375
2004415	220.3999985	25.25194375
2004416	238.5259279	28.19905
2004417	268.3237523	33.74130375
2004418	265.2420199	27.34637813
2004419	228.8856129	32.78079063
2004420	238.4420681	32.1300375
2004421	220.7656983	33.55859375
2004422	225.7803221	30.41145938
2004423	265.6275296	41.0598375
2004424	257.4439006	27.736225
2004425	249.5298113	47.40096757
2004426	236.7432068	24.17353125
2004427	240.2838238	30.88487188
2004428	243.8755595	20.93035313
2004429	264.7172149	37.17762813
2004430	271.225624	35.48211563
2004431	268.9147237	40.16602563
2004432	234.8653136	26.87031875
2004433	255.1143554	26.29935
2004434	252.6128004	41.36581334
2004435	252.6284362	24.30814375
2004436	281.2863361	18.392
2004437	260.4389923	29.95355
2004438	232.6730816	23.87367813
2004800	235	47.09584688
2004801	246.3333333	54.99194766
2004802	262.4444444	45.19520156
2004803	255.506087	50.6086625
2004804	208	55.8883875
2004805	250	51.80236875
2004806	278.5	46.61487188
2004807	256.5555556	56.22019219
2004808	250.5	49.8036
2004809	271.9440909	46.50469345
2004810	257.5413043	51.80904438
2004811	246	53.12505
2004812	248.3333333	45.76749375
2004813	261.5555556	45.45866016
2004814	246.5065116	51.07116863
2004815	254.5	48.97437188
2004816	248.2222222	52.12594922
2004817	221	45.10048125
2004818	234.5	48.46730625
2004819	251.7777778	49.28944453
2004820	248.7777778	57.38916563
2004821	271.5456522	44.60232563
2004822	195	60.031125
2004823	277.6666667	46.68463594
2004824	242.7147826	47.7551525
2004825	242.3333333	43.46698125
2004826	253	50.58178125
2004827	276.4444444	50.56079531
2004828	236.2222222	50.31860625
2004829	259.8888889	49.67343047
2004830	231	43.84472813
2004831	225	66.655875
2004832	245.7777778	53.75632969
2004833	248.1111111	45.59109844
2004834	222	55.3166625
2004835	243	52.10524688
2004836	254.6895652	46.3401675
2004837	277.4444444	44.76442266
2004838	267.838805	32.39897672
2004839	252.1111111	41.90296172
2004840	247	54.8992125
2004841	262.5	48.27332813
2004842	229.5	53.90890313
2004843	265.1111111	47.94435938
2004844	244.4444444	40.94810156
2004846	218	58.724325
2004847	248.1495238	51.69289256
2004848	239.375	47.97304286
2004849	269.375	40.29364821
2004850	224.5	47.11399688
2004851	239	47.02324688
2004852	200.4444444	64.01476641
2004853	253.8888889	52.57828125
2004854	256.4444444	51.90956719
2004855	266.8888889	46.10780625
2004856	265.4086364	45.07406292
2004857	215	66.1249875
2004858	243.8915164	55.10113125
2004859	245	49.56084375
2005439	240.044	41.25419375
2005440	250.922	36.35804219
2005441	258.4583176	42.7531976
2005442	274.7263782	40.32592596
2005443	261.518	33.46689844
2005444	269.192	35.68828828
2005445	252.1988746	46.7710375
2005446	247.312	40.25925235
2005447	252.7927493	44.9897488
2005448	235.0845834	54.26314808
2005449	256.876	34.17862422
2005450	232.9850889	54.82681611
2005451	250.5150469	49.00619255
2005452	252.238	40.22096719
2005453	245.9566492	47.09639952
2005455	241.268	33.81987813
2005456	237.9008825	43.60976707
2005457	235.7840129	49.46351925
2005458	242.316	38.71858203
2005459	228.9772652	42.81923849
2005460	270.3050714	42.93574471
2005461	245.268	40.35879375
2005462	255.772	44.37561563
2005463	262.478	36.88703906
2005464	250.492	41.00066094
2005465	227.054	52.85591953
2005466	254.6681236	41.08950577
2005467	260.068	37.53911563
2005468	258.294	38.13229922
2005469	247.028	41.62475625
2005470	248.7833741	42.67783438
2005471	269.976	41.15427422
2005472	259.458	34.98781172
2005473	240.532	41.28274219
2005474	225.1014672	51.22542563
2005900	246	45.075525
2005901	243.5	48.2472375
2005902	275.3213398	40.67030772
2005903	243.596	55.45866356
2005904	246.6518617	49.19746369
2005905	255.8566667	46.42165
2005906	223.1755556	52.58080208
2005907	262	42.9383625
2005908	257	44.84524688
2005909	243.6366667	50.21852917
2005910	278.5	40.80800625
2005911	238.7944444	61.00290625
2005912	229.0944444	54.87576875
2005913	242	46.1373
2005914	231.5	37.4616
2005915	242.8422222	53.33579167
2005916	231.5	46.95972188
2005917	267.7211111	43.31900833
2005918	252.3370271	43.20396568
2005919	239.62	48.20463542
2005920	232.4442857	56.61698036
2005921	239.5	50.70883125
2005922	238.9644444	51.69195625
2005923	240.7742857	51.08399607
2005924	243	43.17998438
2005925	234	40.828425
2005926	240	47.870625
2005927	242.9244444	55.74419583
2005928	235.5	51.37017188
2005929	223	52.59302813
2005930	235.51	50.33925188
2005931	251.1109524	48.66581107
2005932	235	40.84430625
2005933	256.3488889	45.2706375
2005934	254.5	50.04975938
2005935	229.1222222	44.50985
2005936	215.66	50.76882708
2005937	253.8358824	51.99676059
2005938	260.5	41.65425
2005939	232.5088889	54.9385375
2005940	249.5	53.00934375
2005941	249	58.31708438
2005942	243	46.2144375
2005943	243	44.01375
2005944	244.5	54.1233
2005945	250.5	41.18121563
2005946	231.5	43.7914125
2005947	274	46.418625
2005948	236.2033333	59.56930833
2005949	262	43.823175
2005951	242	45.9240375
2005952	237	51.53465625
2005953	246.8188889	57.42055
2005954	226.5	54.6315
2005955	273.5	39.33445313
2005956	238.5	56.4782625
2005957	254.6455556	45.70548125
2005958	233.8955556	54.30101875
2005959	271.5	46.24733438
2005960	235	45.4113
2005961	285.7817507	29.93176897
2006001	243.9958333	53.22635313
2006002	258.46	40.43791641
2006003	225.2164286	48.48344928
2006004	256.402	43.03005781
2006005	229.194	51.26722735
2006006	229.754	38.47157188
2006007	252.13	46.49831485
2006008	237.8464286	42.546625
2006009	234.7975	43.42628125
2006010	261.6085714	46.50606495
2006011	238.8792857	50.84844663
2006012	263.856	42.00193594
2006013	227.406	47.72731563
2006014	237.41	48.62101406
2006015	231.754	49.32092344
2006016	215.6214286	55.80389111
2006017	233.644	47.60631563
2006018	236.52	39.62721641
2006019	239.912	45.41167813
2006020	238.076	46.44849688
2006021	229.058	56.81772422
2006022	248.742	44.35047031
2006023	240.499	43.94408058
2006024	213.2435714	47.72525048
2006025	220.2521429	40.46612308
2006026	203.3607143	48.13894832
2006027	228.2692857	49.85735192
2006028	213.1464286	49.8364387
2006029	230.24	48.11451563
2006030	225.796	47.23074297
2006031	244.456	43.67107422
2006032	247.825	45.7259
2006033	241.69	42.94507422
2006034	220.452	54.79995469
2006035	234.756	50.41049063
2006036	244.32	50.49897188
2006037	215.774	41.41196641
2006038	234.2475	44.81564389
2006039	263.92	41.40412031
2006040	235.7843333	44.35719442
2006500	244.5	52.9390125
2006501	258	61.78486875
2006502	274.0414286	43.47670446
2006503	249	55.57756875
2006504	236.5	46.14669911
2006505	239.5628571	46.82019375
2006506	249.5	59.1463125
2006507	254	54.38080313
2006508	233	62.0321625
2006509	269	47.25125625
2006510	235.5	53.3927625
2006511	257	53.84764688
2006512	253.2141176	43.37737897
2006513	252.49	42.08868727
2006514	255	72.31640625
2006515	249	48.60456563
2006516	244.5	54.42164063
2006517	236	54.55209375
2006518	248.5	58.82982188
2006519	243	77.09439375
2006520	231.5	58.01534063
2006521	239	60.62667188
2006522	253.5	47.54619375
2006523	273.1635294	53.82379831
2006524	214	74.86875
2006525	232.4785714	51.00927857
2006526	236	70.53316875
2006527	249.5	52.33892813
2006528	241.15	46.28087946
2006529	253.5485714	44.39263125
2006530	248.1044444	50.70449542
2006531	256.34	45.41454107
2006532	232.2133333	45.96563125
2006533	241	57.290475
2006534	247	75.02529375
2006535	233.1271429	50.16595179
2006536	256.8605882	45.84014713
2006537	247.0078788	45.10647167
2006538	257.5	49.14679688
2006539	264.0517647	39.99739522
2006541	238	56.3330625
2006542	272	54.2367375
2006543	258.5428571	43.18014643
2006544	243.5	62.6220375
2006545	218.5	60.08330625
2006546	242.8028571	47.70889554
2006547	273.5	64.12621875
2006548	235	33.41415
2006549	264.8642857	43.67894732
2006550	284.5	48.86547188
2006551	240	55.84528125
2006552	274.58	44.73710313
2006553	242.5	63.04289063
2006554	239.3683333	40.50361563
2006556	239	55.8067125
2006557	236.8714286	39.50088214
2006558	236.9342857	44.621775
2006559	225.5357143	52.28626071
2006560	243.9766667	41.99569688
2006561	195	108.30105
2006562	271.9235294	51.84814412
2006563	230.5575	48.78294609
2006564	249.895	41.80436563
2006565	268.5511765	42.32382485
2006566	270.2128571	39.01925893
2006567	262.5	55.9337625
2007041	246.74	37.78811094
2007042	236.8325	41.4228375
2007043	246.3584615	41.37881745
2007044	250.8875	44.94910521
2007045	235.7725	59.14253125
2007046	213.9125	41.75445313
2007047	236.0569231	37.4116875
2007048	239.24	59.35604583
2007049	246.1775	41.40355313
2007050	239.7446154	36.69674766
2007051	247.96	41.59299375
2007052	253.09	46.8920375
2007053	231.2925	47.3881375
2007054	236.1753846	35.49742969
2007055	222.63	45.23408542
2007056	231.31	50.40910417
2007057	229.8415556	43.79690734
2007058	258.1125	42.39575313
2007059	245.8615385	39.22662448
2007060	255.4875	39.95483021
2007061	244.8753846	34.3255888
2007062	214.49	53.19386875
2007063	224.505	37.94156667
2007064	234.4707692	40.22859271
2007065	225.835	55.8536
2007066	248.59	37.65003229
2007067	212.1975	52.12150625
2007068	236.6810345	49.26282993
2007069	242.5975	42.94516875
2007070	224.42	48.71510417
2007071	228.1375	42.53830625
2007072	231.315	40.90518438
2007073	238.086	46.69995
2007600	264.6822222	45.59078333
2007601	246	50.40028125
2007602	229.0266667	52.92943333
2007603	225	63.2346
2007604	254.9010526	47.61927138
2007605	252	58.01987813
2007606	177	62.1093
2007607	198.5	63.842625
2007608	250.4266667	48.19682083
2007609	202	55.64222813
2007610	194.5	66.34051875
2007611	197.5	65.72001563
2007612	229.0147368	47.71357974
2007613	287.9014941	27.70575954
2007614	224	55.69214063
2007615	267.8522222	45.39642708
2007616	265.4077778	43.550925
2007617	259.1015789	42.92432013
2007618	214.5	63.888
2007619	223	73.21596563
2007620	199.5	62.154675
2007621	234	50.5659
2007622	243	56.0698875
2008074	206.2548724	29.17234375
2008075	244.0762863	35.36211388
2008076	235.3380112	28.52310313
2008077	216.9812483	40.29120391
2008078	235.5555072	27.37511563
2008079	230.8646476	32.13381875
2008080	218.1881707	31.75153438
2008081	228.2577553	27.10778125
2008082	223.0345937	31.8593
2008083	223.2695913	29.7160875
2008084	242.5947286	30.77975313
2008085	224.5235271	32.00865938
2008086	235.7714883	38.31049063
2008087	229.9188817	34.41315625
2008088	242.5124571	36.5542233
2008089	215.6084487	37.74595
2008090	266.9499082	37.99253607
2008091	245.2571351	28.29395938
2008092	243.0406447	41.05227248
2008093	213.8252178	36.39736719
2008094	238.794618	31.1348125
2008095	235.4079164	37.14321875
2008700	265.75	54.48403125
2008701	224.375	54.35953359
2008702	280.5	48.02830313
2008703	255	51.464325
2008706	251.4255	45.42688631
2008707	227.5	54.48403125
2008708	274	45.7017
2008709	256.6991892	43.00064889
2008710	237.5	50.84977734
2008711	253.0113158	44.65380816
2008712	258.5	53.23621875
2008713	239	55.7159625
2008715	249.5	49.8988875
2008716	205.875	50.94194531
2008717	244.3894737	46.89263852
2008718	220.125	56.42664844
2008719	256.625	50.97682734
2008720	261.5	56.06223047
2008721	260	51.45751875
2008722	236.875	46.84855313
2008723	251.272	49.90133775
2008724	232	59.38112813
2008725	246.5	61.6374
2008726	272.3005	41.2565835
2008728	255.375	53.3383125
2008729	244	52.27058203
2008730	220.4352632	59.1692373
2009096	188.581116	45.86372657
2009097	201.8196337	33.90060781
2009098	203.4638169	36.53954219
2009099	231.1275186	43.32172924
2009100	189.1822003	33.77053281
2009101	179.7826615	36.50172969
2009102	177.91965	41.51018438
2009103	202.274368	46.86084219
2009104	189.3189324	36.39850157
2009105	206.98963	45.3674375
2009106	178.2084852	49.30201719
2009107	222.4935465	42.92829063
2009108	231.3333949	36.64643125
2009109	186.7983074	39.88112735
2009110	180.6152031	35.41537657
2009111	185.538019	36.88788985
2009112	250.8112249	35.91194467
2009113	233.9450829	34.67674375
2009114	223.1331178	41.97135938
2009115	181.465636	33.0708125
2009116	189.9853161	37.8536211
2009117	256.6139537	39.00927591
2009118	212.6769831	40.14907188
2009119	226.9338133	34.40067813
2009120	187.963178	40.62830235
2009121	215.9351424	37.26589931
2009122	188.2079525	48.66289141
2009123	217.7434929	44.43412188
2009124	176.0158725	37.86638282
2009125	244.8671578	40.36037179
2009126	183.2737504	39.56983594
2009127	171.856122	35.92433282
2009129	226.1826951	35.88316875
2009130	175.5674214	55.12504766
2009131	255.8318163	36.03809808
2009800	259.6622581	45.99717615
2009801	250.1357143	49.19006518
2009802	253.75	49.12848482
2009803	288.3766667	41.61114375
2009804	278.7066131	31.56985614
2009805	237.9042857	53.82155625
2009806	226	49.32489375
2009807	229	45.71985
2009808	241.7942857	46.25851607
2009809	235.4442857	52.42076518
2009810	249.972	52.52005
2009811	243.6414286	49.56991875
2009812	232.5	53.47784063
2009813	231.9357143	56.82862232
2009814	265.6612903	60.09367224
2009815	238.5	47.37376875
2009816	250.4271429	49.73035179
2009817	252	47.84680313
2009818	234.5	48.98117813
2009819	242.01	51.67369821
2009820	245	52.44669375
2009821	225.5	57.51054375
2009822	252.7271429	52.27459286
2009823	247.5	55.7205
2009824	247.5757143	54.08149018
2009825	253.0457143	51.24782143
2009826	258.5	48.7191375
2009827	240.3485714	55.32930268
2009828	247.5	56.95696875
2009829	216.8228571	60.54062143
2009830	229.5	51.14102813
2009831	266.3028571	54.87425625
2009832	253.664	51.10408985
2009833	263.5	47.925075
2009834	233	56.437425
2009835	240	46.51958438
2009836	232	65.13921563
2009837	260	44.077275
2009839	228.5	48.71686875
2009840	273.6811623	30.9786824
2009841	244.8614286	48.34122857
2009842	229	44.46863438
2009843	229.5	54.80619375
2009844	221	52.36161563
2009846	263.2773333	51.55100335
2009847	245.1042857	53.61218304
2009848	239.2485714	46.72393393
2009849	269	54.60654375
2009850	238.6314286	50.29300179
2009851	254	47.24558438
2009852	226	56.3875125
2009853	245.8328571	51.72231429
2009854	238.4957143	55.37921518
2009855	242.5	50.69521875
2009856	233.3728571	54.16575804
2009857	236.5	54.90488438
2009858	202.5	49.89094688
2009859	235	44.512875
2010132	251.2316667	31.04272188
2010133	253.29	35.4674375
2010134	202.0925	46.10717604
2010135	210.0875	48.26463125
2010136	227.575	45.25425208
2010137	232.6675	50.48296458
2010138	236.0733333	44.7822375
2010139	215.68	47.2247875
2010140	200.2325	52.96207813
2010141	233.675	43.72757813
2010142	247.1	41.06447813
2010143	205.4225	44.57148438
2010144	235.9466667	45.99763438
2010145	247.6291667	39.16935
2010146	254.7858621	43.58804607
2010147	244.6728731	45.3469696
2010148	238.345	42.42755
2010149	215.945	34.73330208
2010150	247.615	36.07089063
2010151	235.8841667	40.01349688
2010152	212.735	50.90507813
2010154	207.5875	46.90451563
2010155	186.01	38.39153542
2010156	232.8489655	49.71166701
2010157	222.69	59.28924375
2010158	227.1275	46.49752708
2010159	204.98	43.34320833
2010160	228.6225	42.02846771
2010161	213.325	35.43812708
2010162	208.79	38.85095729
2010163	248.7358333	39.60653125
2010164	199.035	58.25129063
2010165	203.9175	55.94964375
2010166	188.3225	42.13774583
2010900	284.9366667	47.88776667
2010901	261.6955556	51.89715208
2010902	253.5	62.136525
2010903	246	56.5690125
2010904	232.5	49.07192813
2010905	234.5	58.1752875
2010906	282	59.13610313
2010907	244	55.06596563
2010908	264.6222222	45.37021042
2010909	269.1355556	41.79264375
2010910	252	51.39285938
2010911	251.5	52.4489625
2010912	266.6722222	46.28779375
2010913	245.5	48.7645125
2010914	264.5	59.03627813
2010915	262.8177778	42.41024792
2010916	233.5	62.96235
2010917	267.204	49.18833769
2010918	245.5	55.4890875
2010919	255	48.3652125
2010920	254.5	54.1369125
2010921	226.5	58.55303438
2010922	258.4411111	36.40032917
2010923	242.5	39.6713625
2010924	244	50.95272188
2010925	263.25	38.63353542
2010926	259	46.57630313
2010927	286.5355556	35.61534167
2010928	249	60.8025
2010929	247.5	48.57280313
2010930	240.5	74.28000938
2010931	260.9433333	40.28518542
2010932	270.5	41.39901563
2010933	273.5	49.0276875
2010934	262.5	59.25975
2010935	252.5	64.53459375
2010936	241.5	61.5874875
2010937	258.7530769	46.38497381
2010938	259.4222222	43.6401625
2010939	230	86.53352813
2010940	250.5	64.5187125
2011167	226.012	45.27347344
2011168	252.8905941	36.90690511
2011169	234.88	39.8498375
2011170	243.484	34.71442735
2011171	251.5	32.16217813
2011172	242.3965305	40.24552065
2011173	277.4761538	37.60916328
2011174	244.884	45.99748828
2011175	231.068	47.85795781
2011176	242.716	37.87848281
2011177	237.482	33.64669688
2011178	265.77	41.31742789
2011179	233.542	37.39032344
2011180	271.54	39.9163875
2011181	225.326	40.3310961
2011182	226.456	49.06067891
2011183	264.6545061	30.5631369
2011184	230.194	38.61270703
2011185	274.7135714	34.79834928
2011186	216.96	45.5217125
2011187	259.4444469	38.98736817
2011188	244.75	35.4154711
2011189	231.3	44.32579766
2011190	269.0057143	37.92515216
2011191	248.85875	41.04442464
2011500	235.5	57.15094688
2011501	243.7077778	51.53213542
2011502	233	48.42760313
2011503	251	47.57909063
2011504	246.5252632	49.07743283
2011505	274.4044444	41.3411625
2011506	294.8722222	46.8496875
2011507	265	52.26859688
2011508	279.2688889	47.57215833
2011509	281.9355556	48.78140208
2011510	280.9911111	41.70189375
2011511	264.8583351	45.10509882
2011512	282.4187767	42.08343958
2011513	245.5	47.38851563
2011514	256.5	57.0227625
2011515	269.4527859	36.12901108
2011516	299.58	43.65301875
2011517	269.2	49.93090208
2011518	273.7355556	44.10248333
2011519	279.5233333	42.89525625
2011520	283.59	38.51959375
2011521	263.5744444	47.26512083
2011522	256	54.29005313
2011523	250	50.56816875
2011524	278.7744444	45.95025417
2011525	250.5	44.16915938
2011526	262.3588889	58.12587917
2011527	258	46.3551
2011528	294.4444444	45.97117708
2011529	275.3945042	45.12803036
2011530	242	59.18034375
2011531	273.5	50.39687813
2011532	273.8396876	37.25682533
2011533	283.3233333	46.68381667
2011534	285.6055556	39.02981042
2011535	252	40.96228125
2011536	298.9455556	41.81860833
2011537	257.8022222	50.89883906
2011538	262.5	43.90144688
2011539	295.6855556	43.19347083
2011541	286.5	41.445525
2011542	257.3533333	50.47918333
2011543	254	47.01417188
2011544	286.7088889	52.22939792
2011545	258	56.28541875
2011546	278.7811111	48.31025833
2011547	266	43.4284125
2011548	275.2705263	47.12597349
2011549	213	45.656325
2011550	294.2511111	43.61041667
2011551	271.8422222	47.60240833
2011553	240	45.35911875
2011554	246.5	56.42608125
2011556	266.2999472	42.82182006
2011557	260.4366667	40.85237292
2011558	273.5	55.44257813
2011559	307.4144444	45.69615417
2011560	260.5	45.24908438
2011561	267.8922222	47.21697292
2011562	265.4777778	41.3653625
2011563	269.8833333	46.70398333
2011564	258	46.62167813
2011565	276.5188889	51.0241875
2011566	293	47.40099375
2011567	281.37	42.63939167
2011568	248	58.29212813
2011569	267	45.32281875
2011570	249.5	55.74659063
2011571	266.8055556	50.9546125
2011572	282.5611111	47.79121875
2011573	262.2750242	36.36002882
2011574	232	60.57902813
2011575	255.5	63.75754688
2011576	281.0321053	44.91838421
2011577	234	51.06729375
2011578	250.5	58.65285938
2011579	218	65.28555
2011580	247	52.86754688
2011581	252.5	51.772875
2011582	251	57.99945938
2011599	248.5	47.89217813
2012192	231.516	42.40492266
2012193	268.7614286	35.95133967
2012194	221.282	38.69523281
2012195	232.17	33.8361375
2012196	228.958	31.06485938
2012197	247.7992857	40.02191346
2012198	242.4642857	34.79355
2012199	248.2492857	36.46262284
2012200	230.002	40.04485547
2012201	270.2896171	31.92772768
2012202	250.1275327	40.15795692
2012203	228.774	40.56014531
2012204	214.866	41.7858375
2012205	220.162	28.65232735
2012206	228.234	39.90504375
2012207	238.602	33.0980375
2012208	215.648	42.32050625
2012209	224.422	35.10890625
2012210	218.75	46.61647891
2012211	230.616	26.31863438
2012212	234.43	36.04722344
2012213	234.072	39.7790336
2012214	233.062	31.55415313
2012215	216.876	39.65207813
2012216	211.458	50.01544453
2012217	222.572	39.69490078
2012218	222.4835714	51.83871529
2012219	209.798	25.22736563
2012220	221.01	35.76429141
2012221	203.598	45.44230625
2012222	243.126	27.50244922
2012223	238.064	37.37737266
2012224	204.092	40.12284375
2012225	242.688	33.50887031
2012227	247.1473584	43.97730363
2012228	205.104	37.67287735
2012229	240.78	38.52305505
2012230	233.3078571	41.09605024
2012231	248.37	43.82005547
2012232	229.2707143	38.69571274
2012600	257.5	46.17927188
2012601	231.9955556	49.07986875
2012602	272.7422222	40.52768958
2012603	251	67.48737188
2012604	251.5	55.01378438
2012605	245.6188889	48.46831458
2012606	236.7	50.73782083
2012607	256	50.35150313
2012608	240	58.48950938
2012609	262.0755556	43.47101458
2012610	249.1266667	48.84744792
2012611	261.8088889	44.6747125
2012612	246.7721434	43.4643495
2012614	245.0155556	50.50716458
2012615	261.9694101	34.69620897
2012616	268.0645847	42.02475848
2012617	251.9722222	44.458425
2012618	281	45.2298
2012619	251	50.08265625
2012620	233.5033333	51.84446667
2012621	265.5	46.07944688
2012622	271	54.20610938
2012623	248	57.27913125
2012624	259.5544444	41.34948125
2012625	274.5311111	41.95473333
2012626	256.2426624	39.9670861
2012627	257.6451394	45.32656219
2012628	247.7533333	49.53462708
2012629	264	51.86589375
2012630	275.2838101	35.02639681
2012631	280.5	48.68964375
2012632	263.9388889	44.17962083
2012633	239.6267711	45.31296589
2012634	256	47.598375
2012635	277.0444444	45.06670208
2012636	263.5	54.7177125
2012637	254.5	46.52071875
2012638	254.9991977	41.72573831
2012639	249.5	57.98925
2012640	233.8102358	44.13248125
2012641	245.0361301	44.00570728
2012642	317	59.84055
2012643	246.3042556	45.23306268
2012644	298	63.14158125
2012645	260	35.70445313
2012646	282	56.5327125
2012647	260.1771614	38.69729089
2012648	274.5	52.8573375
2012649	256.5727068	42.32182429
2012650	277.3077778	43.71024167
2012651	263	44.58207188
2012652	259.5	56.28882188
2012653	257.9755556	42.54712917
2012654	266.8344444	43.96711458
2012655	275.3011111	41.43468542
2012656	252.3195031	41.67074023
2012657	262.5	50.04068438
2012658	261.69	42.08506042
2012659	266.3233333	40.18838542
2012660	265.0177778	53.74088958
2012661	288.2844444	38.08601042
2012662	265.6466667	46.58777292
2012663	271	50.25735
2012664	264.5516667	52.61571563
2012665	285.5	67.5225375
2012666	235.9688889	53.51325833
2012667	269.0640636	41.95861348
2012668	258	52.3582125
2012669	244.1777778	42.86172917
2012670	262	48.91992188
2012671	258.5582998	39.542418
2012672	298	49.58693438
2012673	253.8996894	41.94316285
2012674	278.5	63.7201125
2012675	268.6222222	46.53861667
2012676	282.9188889	44.61496875
2012677	272.0711111	40.42206667
2013234	245.6785971	35.50024825
2013235	211	34.75909063
2013236	244.7395151	37.0007012
2013237	243.6	28.71700938
2013238	219	37.45250703
2013239	210.8	41.060375
2013240	241.6290735	33.26020361
2013241	233.8710033	33.85727813
2013242	238.4411001	39.33673403
2013243	238.068116	39.72135907
2013244	213.8	35.51327032
2013245	238.5524374	32.6394601
2013246	247.9979963	37.42745529
2013247	211	43.49585703
2013248	218.8	42.15637031
2013249	198	43.85590156
2013250	230.2988374	38.67386034
2013251	256.7711496	40.83157382
2013252	207.8	39.18130235
2013253	209.6	49.47328828
2013254	234.7716484	29.79806659
2013255	216.6	35.06472656
2013256	237.3200023	33.38994255
2013257	247.5551642	39.60654006
2013258	213.5608569	40.96687885
2013259	236.8330571	32.07403053
2013260	247.7871875	35.78550022
2013261	214.6	37.89200078
2013262	210	39.02410391
2013263	245.0603383	39.4073543
2013700	256.8216735	46.61572536
2013701	258.7710877	49.74877188
2013702	274.5	56.9320125
2013703	256.735906	40.30736875
2013704	278.5	48.269925
2013705	277.9851295	49.32514583
2013706	253.5	43.98879375
2013707	257.6261207	49.10370313
2013708	277.5302343	40.07170923
2013709	272	50.72584688
2013710	277.2818852	43.42763032
2013711	271.6596103	42.21148021
2013712	263	54.53394375
2013713	271.5588718	41.25923542
2013714	271.617786	44.67798958
2013715	265.0317925	46.00344375
2013716	290	51.23064375
2013717	267.5	54.1732125
2013718	271.5	54.46701563
2013719	278	49.59147188
2013720	279.4529595	39.46006625
2013721	272.921029	45.58649792
2013722	293	54.27984375
2013723	285.8524729	40.9603042
2013724	279	45.23547188
2013725	274	59.74299375
2013726	280.4284034	38.05590777
2013727	270.5	48.7372875
2013728	253	59.06236875
2013729	254.5	51.28963125
2013730	263.6589474	44.62543021
2013731	268.1294366	43.5500175
2013732	283	51.627675
2013733	276.8243629	43.98236563
2013734	256.9861569	49.70944688
2013735	259.5	51.42121875
2013736	247.2187687	48.57305521
2013737	281.7370839	40.07199467
2013738	272.7659818	38.43772599
2013739	275.3392244	31.05796769
2013740	275.9595882	39.20130246
2013741	256.5	55.00924688
2013742	255.6857283	45.99298229
2013743	274.5	43.8004875
2013744	273.5	51.536925
2013745	259.7584907	42.19925417
2013746	261	64.47106875
2013747	277.7269728	42.04006354
2013748	256.9006416	46.03041667
2013749	264.6023543	45.07968438
2013750	277.5	44.79193125
2013751	257.9148288	42.66976771
2013752	246.758572	48.08880313
2013753	261.5	51.12855
2013754	269.5039639	47.13807083
2013755	279.0464354	38.78943149
2013756	266.4246528	41.1988665
2013757	265.5	55.45619063
2013758	275.5655032	39.20690351
2013759	246	52.92199688
2013760	264.5	54.10401563
2013761	263.46403	46.54857396
2013762	271.497506	41.77134271
2013763	260.1195916	45.39176354
2013764	249	54.0824625
2013765	281.2146471	41.03891458
2013766	230.1632674	47.66353854
2013767	263.5888791	44.83239063
2013768	246.5	61.60223438
2013769	273.8522269	50.5380592
2013770	254.0759362	47.34503125
2013771	276.3431693	39.31217616
2013772	259.104955	46.07806042
2013773	271.5	50.5069125
2013774	275.5613674	38.50383854
2013775	270.7255406	38.62089052
2013776	252	59.04989063
2013777	277.3975084	46.05600313
2013778	291.2250095	41.13634479
2013779	239	54.059775
2013780	232	76.98889688
2013781	244	56.25932813
2013782	250.5	49.37594063
2013783	237.5	59.27109375
2013784	269.5	60.73216875
2013785	246.5	68.22585
2013786	234	65.2628625
2014264	264.3707274	33.00266856
2014265	259.4018028	36.61804261
2014266	254.5097312	36.57530409
2014267	271.6669903	32.9385028
2014268	202.1632187	34.54171875
2014269	203.443079	40.63132735
2014270	252.1398694	28.71923366
2014271	266.1169502	33.60409021
2014272	189.041674	38.91133125
2014273	265.268029	40.02491664
2014274	268.6262913	34.38096933
2014275	247.2867207	37.29161827
2014276	248.2501456	33.01458822
2014277	201.1066307	37.68110156
2014278	220.7996079	34.47876094
2014279	204.0723144	43.79538281
2014280	224.3458874	27.63025547
2014281	212.7294955	30.75687656
2014282	260.0396474	46.45067656
2014284	214.6426564	37.05861328
2014285	278.6070241	32.40984024
2014286	226.8215157	40.22380313
2014287	208.5606381	35.77620235
2014288	262.4228408	34.89850183
2014289	238.3383445	36.75793846
2014290	187.3737778	36.526875
2014291	196.7256121	35.1114586
2014292	199.4483125	41.23651641
2014293	212.5400448	31.59744844
2014294	241.8726439	33.97191346
2014295	234.3134515	43.06658469
2014296	224.3095854	31.6357336
2014297	256.5424752	40.35869922
2014800	264.4557452	47.0569
2014801	262.3352063	51.16258125
2014802	253.8622482	43.97952166
2014803	273.4391859	38.80343958
2014805	275.6348812	44.52365156
2014806	274.8988416	44.97922917
2014807	265.8193	51.98500313
2014808	241.6832	48.24383438
2014809	247.368072	48.62712708
2014810	263.21005	44.64219375
2014811	260.5998224	48.03195833
2014812	249.7627251	56.52187292
2014813	254.1752655	45.002925
2014814	268.0428704	44.27616875
2014815	263.7512	48.11338125
2014816	253.50225	45.91836563
2014817	268.4205295	48.34302917
2014818	261.0267858	51.19081458
2014819	281.2759398	46.9646375
2014820	229.2482	58.3749375
2014821	260.3825254	45.1012375
2014822	234.3145	55.98480938
2014823	266.0144451	53.96826875
2014824	267.90875	54.16980938
2014825	254.58325	44.75563125
2014826	284.9422953	44.47091054
2014827	272.0236624	41.9886638
2014828	262.1773305	46.87943333
2014829	275.6418598	42.74400612
2014830	286.8107079	46.05364283
2014831	276.8285678	42.44757213
2014832	277.9330951	39.63985208
2014833	242.73095	57.77371875
2014834	283.9235768	40.66450183
2014835	282.4228022	41.26257787
2014836	288.1479006	37.82165132
2014837	265.4911696	40.90354583
2014839	285.5989388	47.74641094
2014841	277.374437	41.43141309
2014842	235.6002	58.85818125
2014843	267.6122512	45.39797396
2014844	266.6654809	43.93333542
2014846	247.6041	49.92384375
2014847	253.76235	65.0496
2014848	240.5572	49.141125
2014849	279.7098693	49.81544792
2014850	230.0608	55.31439375
2014851	229.84035	48.9324
2014852	281.3901498	43.9608125
2014853	261.1329588	47.90951786
2014854	257.156705	50.89587708
2014855	283.9459929	40.91741042
2014856	233.9039	65.06661563
2014857	275.02294	45.17156875
2014858	272.2154582	42.01296458
2014859	259.4128878	43.69688125
2014860	236.97585	54.90148125
2014861	263.5643887	51.60372708
2014862	246.33865	47.4667875
2014863	272.9165092	46.24811044
2014864	265.2237437	51.95091313
2014865	262.895811	52.97916938
2014866	253.91425	61.39918125
2014867	271.1608024	45.6237899
2014868	271.0634238	45.72615208
2014869	238.0517	56.74937813
2014870	244.4414	50.75080313
2014871	257.8232	52.5397125
2014872	273.3152751	49.13709167
2014873	227.36545	58.5745875
2014874	253.1075914	52.029395
2014875	245.614	61.51829063
2014876	277.0088849	43.85619792
2014877	238.71875	69.1515
2014878	272.0766804	41.80472135
2014879	249.716	56.78908125
2014880	280.85035	63.5295375
2014881	258.27795	54.65532188
2014882	268.4319137	48.04582292
2014883	268.780093	40.87909375
2014884	267.7130854	47.289825
2014885	277.0691768	34.72439878
2014886	232.66555	58.9738875
2014887	249.5667	64.64803125
2014888	232.38805	53.751225
2014889	284.974	45.1617375
2014890	264.605552	56.56018958
2014891	262.4960636	54.49361042
2014892	271.2233934	45.365925
2014893	247.677	50.33675625
2014894	257.11255	61.73041875
2014895	255.7799	55.9246875
2014896	253.7283	53.7466875
2014897	298.080877	38.91663284
2014898	229.6592	58.306875
2014899	264.2786966	46.54964531
2014900	241.71135	54.96046875
2014901	277.1871401	46.90086042
2014902	284.2020864	41.60419421
2014903	258.89145	50.24260313
2014904	228.3913	64.89645938
2014905	214.109	71.22627188
2014906	215.9516	65.84025938
2014907	217.97795	66.66495
2014908	223.7125	61.47972188
2014909	223.19995	62.5857375
2014910	258.4982	68.00918438
2014911	239.44865	59.0964
2014912	221.2951	67.17315
2014913	218.47265	83.44575938
2014914	258.51425	52.353675
2015306	274.0682474	34.70755991
2015307	257.7619548	31.06344141
2015308	260.9316923	29.86786688
2015309	255.1503027	33.67008245
2015310	252.4094045	32.79137813
2015311	273.4362648	36.22801082
2015312	269.0647558	46.30150078
2015313	246.3979792	33.13679531
2015314	261.8601967	26.84271563
2015315	244.1605897	33.14870625
2015316	234.14582	28.30832813
2015317	254.9627039	44.42964564
2015319	267.4014239	33.94145986
2015320	258.9663771	41.05084653
2015322	247.0438498	30.14459766
2015323	261.9526289	31.7307375
2015324	251.1824018	35.6048899
2015325	263.0866575	34.07974453
2015326	230.7067109	25.62099375
2015327	262.7074571	28.96155361
2015328	267.7649694	32.91930072
2015329	258.2854859	37.9784387
2015332	242.7572202	33.98417344
2015333	249.9012193	29.97642656
2015334	276.4573884	33.44899422
2015335	240.1922111	23.78534813
2015336	272.4831945	31.45886563
2015337	277.4944471	32.86620906
2015338	258.8760032	42.28711512
2015339	246.3299794	34.42828125
2015340	226.28869	36.94772813
2015341	242.6108968	29.82924141
2015342	254.6740726	31.34340516
2015343	261.3328394	38.85834726
2015344	256.7883232	34.63117731
2015345	250.5941113	28.17560625
2015346	263.7113958	38.59229264
2015347	247.1684836	33.30780235
2015500	281.2870204	47.4804
2015501	305.9215826	48.07787354
2015502	285.4790626	49.64113229
2015503	301.6714912	33.46051758
2015504	291.9772116	48.69607188
2015505	261.9553452	57.36420938
2015506	289.0969041	40.46214792
2015507	263.403823	52.57828125
2015508	288.5552461	34.02165379
2015509	281.4440055	66.801075
2015510	296.9828187	44.61915278
2015511	285.673103	48.37814969
2015513	280.1404965	40.53764688
2015514	296.6925982	51.2238375
2015516	269.7953181	51.82051875
2015517	269.8619138	56.328525
2015518	256.1455181	68.3120625
2015519	288.8417993	42.44661997
2015520	269.6223866	53.05018125
2015521	298.4504892	56.6688375
2015522	255.7195115	61.47745313
2015523	275.1918357	54.03028125
2015524	264.2993485	60.67771875
2015525	270.6871457	48.12648958
2015527	291.6522971	67.09714688
2015528	267.5680672	61.82116875
2015529	260.8687342	58.16961563
2015530	254.445257	63.5295375
2015531	292.6228877	43.38896146
2015533	293.3172957	60.01070625
2015534	301.2526641	39.95205729
2015535	285.4252885	50.992425
2015537	292.097836	42.65577708
2015538	303.4019748	42.54334792
2015539	279.8429744	48.38966076
2015541	266.7267837	61.15869375
2015542	270.7591842	52.008825
2015543	274.8648964	56.43402188
2015544	256.8634452	53.98490625
2015545	307.3743916	57.15208125
2015546	278.5069158	55.97233125
2015547	299.612433	46.46125516
2015548	292.2549911	51.68417935
2015549	272.7119071	50.03955
2015550	244.2133416	53.424525
2015552	281.7326957	61.15415625
2015553	260.7464804	65.5578
2015915	290.7418367	53.73386273
2015916	288.5819481	54.8007919
2015918	275.9848423	47.66490378
2015919	268.9549457	49.12978125
2015920	264.9745841	53.32583438
2015921	284.2104054	45.03563195
2015923	257.4589682	54.23333438
2015924	259.0092009	57.27345938
2015926	311.8596368	42.24084792
2015927	286.1188726	44.44044304
2015928	270.0169721	54.1959
2015930	264.2191836	52.81003382
2015931	290.0887131	53.72059688
2015932	263.8181614	55.22250938
2015933	266.0979226	52.15629375
2015934	263.3086012	52.78814063
2015935	259.9832638	56.1334125
2015936	301.004083	36.43234375
2015937	289.861588	59.432175
2015938	284.5107171	45.66631653
2015939	280.9822367	60.82859063
2015940	264.7513274	49.3090125
2015941	250.8634875	65.8527375
2015943	302.1451077	44.69752268
2015944	317.6614298	36.87878333
2015945	277.7698668	47.40019597
2015947	257.4185892	56.5554
2015949	272.7465493	49.5631125
2015951	270.4479512	51.08430938
2015952	265.7102503	57.0046125
2015953	282.12132	55.74432188
2015954	302.3561508	37.78603125
2015955	264.7466527	53.47216875
2015957	277.3192185	49.65219766
2015958	274.1334156	47.76147292
2015959	287.2287681	44.35065938
2015960	259.8051646	53.34565307
2015962	287.5639991	52.00781343
2015963	284.7964599	54.27140564
2015964	296.6489715	44.41128378
2015965	290.9646016	50.2891125
2015968	258.0381759	60.92841563
2015969	254.4153303	61.53417188
2015970	308.1258827	39.63632292
2015971	262.5577511	40.25842785
2015972	264.1010679	46.94124941
2015974	262.8448331	53.78185313
2015975	299.8327798	36.95163542
2015976	258.7006481	52.4035875
2015977	266.9138725	52.47165
2015978	274.7679377	60.68565938
2015979	298.6449087	43.40017917
2015980	271.9718141	57.127125
2015982	302.2101996	55.45845938
2015983	254.9202525	58.71751875
2015984	287.0742772	48.39420208
2015985	294.511418	43.05438019
2015986	278.6731946	50.00524013
2015987	263.7339854	48.98154405
2015989	254.7747423	63.2028375
2015990	293.8872495	44.66803229
2015991	287.9662481	46.59281458
2015992	250.5003949	55.59571875
2015993	282.0462799	42.62998887
2015994	309.5888802	39.4293625
2015996	283.9507572	49.49744479
2015997	275.9571449	44.44783111
2015998	290.4423833	67.2956625
2015999	292.1067187	52.97354792
2016348	247.5518523	38.66825359
2016349	290.4287344	26.73196281
2016350	267.5143283	36.62811797
2016352	277.7707797	34.97911485
2016353	257.2810107	42.78725029
2016354	257.4117574	39.87445974
2016355	257.5090733	40.58674011
2016358	272.9964835	42.03061042
2016359	267.6612342	25.35261953
2016360	250.0290605	44.05034797
2016361	285.975636	39.96232969
2016362	282.9633526	30.66130547
2016363	263.5503995	32.04042188
2016364	264.9696318	41.16665781
2016365	263.1386068	29.73125977
2016366	280.3963273	35.91270547
2016367	259.6961455	34.77313125
2016368	262.7491506	33.91025
2016369	260.4899688	31.28662969
2016372	249.3561926	43.8738406
2016373	255.1829268	38.2175349
2016374	285.6743224	34.35530313
2016375	242.9433141	45.62952048
2016376	270.6203042	33.29309958
2016377	274.2549542	43.8773225
2016378	260.1412664	34.37666719
2016379	267.2576752	40.03719844
2016380	270.8707979	40.91816667
2016381	255.9861659	40.50805859
2016382	259.5739395	23.61201563
2016385	271.7103051	31.17205781
2016386	251.5976816	52.32977236
2016387	267.2158312	31.27868906
2016388	261.8205144	42.5517612
2016389	259.871761	34.37893594
2016390	277.0518204	32.85055469
2016391	238.0278956	40.60289582
2016392	279.454119	36.20130938
2016600	295.3334383	41.77342207
2016601	244.5360266	50.26979212
2016602	258.6186269	39.77459063
2016603	257.2981946	47.8246472
2016604	271.186199	45.62115938
2016605	259.0531534	45.63895683
2016606	255.8626126	45.71191992
2016607	282.642591	41.83671164
2016608	261.1795694	42.90317448
2016609	264.5012759	36.70901589
2016610	249.9109239	41.35999635
2016611	236.3334589	44.77491563
2016612	278.8448683	45.8877375
2016614	233.357294	46.49235938
2016616	244.9335979	44.19525
2016617	277.5586422	37.03419908
2016618	266.4605974	39.6622875
2016619	253.7257442	39.51422201
2016620	257.751947	43.67570625
2016621	280.4781805	39.15944722
2016622	262.8662353	47.09283438
2016623	274.8359868	39.20626875
2016624	243.1304362	43.81420791
2016625	250.678835	51.80690625
2016626	255.5601536	40.88779426
2016627	246.6364099	48.15741271
2016628	267.5662247	37.99118594
2016629	269.0416656	35.256375
2016631	281.1045631	42.38773519
2016632	267.6550222	42.47777371
2016633	236.4115121	44.2814625
2016634	255.2098665	49.921575
2016635	300.0259172	46.43929541
2016636	295.2146202	44.22173123
2016637	267.4894444	47.5484625
2016638	270.5892693	41.58587405
2016639	277.3066963	39.030133
2016640	235.7926513	47.5756875
2016641	237.7323093	49.00836733
2016642	263.3703056	49.07646563
2016643	263.5876029	38.24545313
2016644	293.5005841	40.78305
2016645	291.4694563	33.90105415
2016646	243.7418942	50.59141151
2016647	262.2637879	39.42142665
2016648	248.4147698	40.11958141
2016649	241.474146	49.66429813
2016650	295.7938817	37.67228254
2016651	270.8303929	46.32926017
2016652	291.0932798	37.54878071
2016653	277.9234322	40.72998965
2016654	259.7771116	43.24432448
2016655	278.0545491	44.4720375
2016656	289.8974478	50.03274375
2016657	289.1610743	37.93644836
2016658	296.6449817	43.49420625
2016659	261.7567232	46.60693125
2016660	248.4461686	51.59477813
2016661	265.9178273	43.03138125
2016662	266.7330372	35.18229285
2016663	279.3482726	48.88021875
2016664	250.394188	53.206725
2016665	264.3022261	51.09451875
2016666	241.241235	50.28056624
2016667	242.9158462	55.37565
2016668	230.246007	63.44672813
2016669	266.4489488	41.29476548
2016670	252.6847822	42.31186938
2016671	251.5891546	51.96571875
2016672	245.1331754	43.19388017
2016673	248.6545692	46.22464688
2016674	263.488749	47.78508838
2016675	258.387381	35.65389182
2016676	251.2530061	47.75945625
2016677	256.1808378	42.97051501
2016678	253.9725248	38.45569546
2016679	265.1432703	40.58453438
2016680	253.011909	39.18058498
2016681	228.0756397	60.11506875
2016682	242.8287378	47.29776563
2016683	242.2746072	58.7379375
2016684	241.3085527	55.22477813
2016685	271.975479	49.47161707
2017392	213.6817011	34.86936406
2017394	225.7422804	54.02385313
2017395	236.6332481	37.27480625
2017396	220.6893973	35.77799844
2017398	270.1199567	29.56512557
2017400	257.4433606	33.62815362
2017401	222.2070937	30.87598594
2017405	253.6575779	32.82340875
2017406	215.813954	36.75923281
2017407	212.024622	41.93935625
2017410	266.9691291	36.19487285
2017413	235.9301408	41.07855469
2017415	222.8947394	37.31167344
2017419	268.6468141	30.039515
2017424	255.4043036	34.62646344
2017426	251.2594386	31.52562875
2017428	251.1566217	40.31885843
2017429	223.1043317	44.03530313
2017432	229.8617048	37.60131719
2017433	226.9996374	48.21623125
2017434	211.5661111	33.39634031
2017435	229.2109221	32.51613407
2017700	246.0539627	46.86689219
2017701	302.9148135	33.38605637
2017702	278.961858	40.74811583
2017703	270.8124288	62.47003125
2017705	269.2227368	32.92561072
2017707	242.837588	58.50387813
2017710	276.9300566	41.56788855
2017711	255.1143392	44.35614219
2017713	257.5909704	50.66402344
2017714	258.7910113	39.90576441
2017716	257.1473172	32.54741276
2017719	263.3388392	49.20483906
2017721	270.6386566	49.76654375
2017722	209.4023895	76.47653751
2017724	252.4269331	42.80995965
2017725	248.8454227	37.81701481
2017726	256.6059952	55.00735625
2017728	249.0232798	56.83615782
2017730	238.6062317	47.62843594
2017731	259.6910324	44.20300156
2017732	275.4288229	53.09914844
2017734	255.7410355	57.12674688
2017735	255.8056335	52.48620781
2017736	267.6831513	43.33501563
2017738	275.4327403	37.15644076
2017745	272.8509242	43.07505469
2017749	246.6067759	49.71871094
2017750	250.5888977	41.60471563
2017753	261.3142573	48.07065313
2017754	246.702001	47.03969531
2017755	260.6687775	49.67232188
2017756	274.2063912	41.91866347
2017760	242.564888	50.30707344
2017761	264.2481384	47.06181563
2017768	271.0531565	43.41498906
2017774	222.3832983	37.91489625
2017776	291.6601281	36.30626447
2018438	289.6899881	36.7516904
2018439	249.3452938	28.23327031
2018441	276.7115001	35.46291633
2018443	210.0925926	24.3573
2018450	235.710262	26.9972884
2018451	204.4251477	45.93672832
2018452	219.7545663	32.04169805
2018453	241.6091217	34.74314121
2018455	218.2288271	32.48169375
2018458	216.2348584	33.46044668
2018460	231.2905614	28.75555547
2018468	203.0364526	31.77441094
2018469	203.9745713	29.34321844
2018471	232.4360667	31.96888535
2018472	240.2393595	25.56704004
2018474	195.7539936	35.44737539
2018475	205.2257511	37.38178254
2018477	187.9110083	31.56927813
2018801	277.9216727	46.99770453
2018803	274.7228889	46.07637458
2018806	230.0590706	41.80965938
2018808	223.8228302	42.70666641
2018810	274.7123157	46.19156094
2018811	218.9408302	51.08430938
2018815	285.999162	40.46457674
2018817	233.5905342	40.27371563
2018818	205.5887986	53.18630625
2018822	275.8068275	43.51746094
2018823	226.784668	44.80100625
2018824	273.8404603	41.95189109
2018826	220.045723	38.58775078
2018827	232.3166504	50.13909141
2018829	268.3068127	45.0758894
2018834	221.3299446	44.15129297
2018835	275.5679541	40.02481485
2018837	236.8296509	41.71238672
2018839	293.9507225	39.72978281
2018840	218.518589	48.93637031
2018842	248.1109352	50.3254125
2018846	266.0602403	43.75226886
2018847	236.8398018	47.97328594
2018852	244.3071327	37.50640781
2018856	229.510231	41.87346797
2018857	225.3117943	46.53745078
2018859	271.8899767	47.88612813
2018861	233.5829392	37.21458985
2018862	269.1602907	36.78662797
2018863	236.1457749	36.43499063
2018865	209.2900887	50.16546563
2018866	231.315403	53.66813203
2018869	231.9933815	41.51670703
2018872	237.060566	48.19931016
2018877	243.004776	37.17885703
2018878	288.012496	41.20248213
2019001	288.5747907	32.66404453
2019004	265.6739655	29.89673672
2019006	282.4887009	39.00015921
2019007	245.6204199	22.97024297
2019011	206.7884448	22.86276094
2019012	278.1115813	30.15584688
2019013	259.9073943	27.77602266
2019014	262.8797697	34.41523594
2019015	278.934605	34.56894375
2019017	273.2904195	37.75880625
2019020	280.8102743	23.8590825
2019021	298.2918194	36.4167684
2019023	255.0624436	26.62264688
2019483	243.6754032	34.26549844
2019486	269.5199334	37.85258578
2019487	291.152522	24.43935313
2019492	299.2812672	16.17221719
2019495	276.891931	24.79375078
2019497	269.5800086	34.50995625
2019498	306.5751104	28.69008313
2019900	287.0793826	44.04833828
2019901	268.6583481	41.92479844
2019903	289.5219222	38.32150156
2019905	260.656395	56.67847969
2019907	277.4993883	49.203025
2019908	263.6953659	38.77860938
2019909	276.0177536	40.76263125
2019910	249.7026787	44.19525
2019915	284.9825474	37.77264766
2019916	279.7934723	43.78460625
2019919	258.3284645	53.26344375
2019921	270.415905	48.29091094
2019924	262.229683	49.84046719
2019925	275.7197647	45.2978625
2019927	271.5340119	46.38742969
2019929	283.720657	48.34440078
2019932	289.9142507	37.54113516
2019933	284.1812134	33.74879063
2019936	271.7430611	45.70226719
2019938	296.719321	45.01023542
2019943	269.7100831	40.58850469
2019947	297.0647452	40.38854
2019949	290.6594718	36.39072969
2019951	254.2211724	45.31090781
2019952	261.968853	43.77099375
2019954	279.5484314	38.53528594
2019955	291.6900049	42.08795547
2019956	289.6432027	41.85266914
2019957	285.3256325	40.992775
2019959	284.4389572	42.41484844
2019960	282.878555	45.40381289
2019962	275.8256455	43.51689375
2019963	278.6695954	46.29864375
2019964	278.9074248	42.62057958
2020027	274.226	26.50733333
2020028	243.2676667	35.295
2020029	253.9585	33.279
2020030	277.5626667	26.787
2020032	289.6436667	33.86
2020034	257.8115	19.838
2020037	286.5002	36.904
2020040	259.603	21.6695
2020046	280.5758333	34.31066667
2020049	246.3175	16.885
2020052	270.283	18.7585
2020055	250.1645	35.2575
2020057	266.7196667	31.7955
2020059	273.523	32.391
2020061	284.6711667	31.82266667
2020062	295.9424	24.676
2020063	257.2728333	35.47266667
2020065	295.0028	34.0144
2020068	270.409	31.98833333
2020501	288.8933333	43.07563333
2020502	277.8441667	39.65623333
2020504	303.4063333	38.29461667
2020505	270.883	43.53658333
2020507	269.6961667	39.69518333
2020510	279.535	35.04611667
2020512	257.4645	42.80981667
2020513	295.3533333	39.20136667
2020519	269.4355	42.60448333
2020520	289.1061667	35.82205
2020521	286.792	42.14506667
2020523	265.4143333	47.36621667
2020525	279.4218333	35.53771667
2020527	286.9881667	40.7634
2020529	276.93	41.93898333
2020532	272.0731667	40.06236667
2020534	291.236	37.66618333
2020535	288.8518333	38.02991667
2020538	300.5868333	44.42591667
2020541	278.2025	51.24238333
2020547	289.6931667	37.22905
2020548	295.1435	33.89893333
2020553	289.2486667	32.18601667
2020554	302.1008333	42.34321667
2020556	270.1695	36.59266667
2020557	251.8545	31.76591667
2020558	291.483	38.37515
2020560	293.5116667	39.31553333
2020561	280.4651667	35.67381667
2020563	262.2786667	35.33731667
2020568	296.1665	46.94346667
2020570	294.005	39.22781667
2020571	298.0545	36.23535
19892143	260.2827119	32.70910444
20011372	282.6703275	29.7751135
20049601	177.8608333	50.10061719
20049602	220.1866667	44.53234844
20049603	229.6466667	50.59047813
20059001	187.5	59.5093125
20059002	203.5	40.973625
20059003	222.5	63.10187813
20059004	226	56.655225
20059005	201	45.18669375
20059006	199.5	48.55692188
20059007	215.5	53.99625
20059008	177	41.790375
20059009	170.5	62.71392188
20059300	236.3585714	50.95644911
20059604	231.678	40.28551313
20059605	200.6015	38.23002563
20059606	199.5	44.11667961
20069607	248.9495238	37.59415982
20069608	219.3595238	45.99155982
20069609	183.5171429	38.4366954
20069610	235.4308824	31.9411307
20069701	236.625	36.51855625
20089616	256.3566667	34.96988229
20089617	228.1244444	30.89873646
20089618	234.025	36.09316563
20099401	232.9657143	47.91845673
20099402	208.5	57.40731563
20099619	224.275	49.26185491
20099620	212.2364286	52.15078393
20099621	231.5778571	31.51374777
20099622	196.084	45.98317625
20099623	247.408	48.88884
20109624	258.0857143	34.93777768
20109625	260.392381	44.23360268
20109626	272.032381	43.00545268
20119403	264.5060393	38.43812672
20119404	246.5	41.80625625
20119405	188	38.83759688
20119406	274.5	37.035075
20119627	242.2432047	39.10946875
20119628	210.6173698	41.75248688
20119629	228.2646286	46.41779313
20119630	266.8168436	42.63873625
20129631	227.3577728	29.24733854
20129632	261.0294291	38.53503385
20129633	271.8392699	33.83872135
20129634	213.0088009	38.52362708
20139635	240.8849466	42.97879487
20139636	218.4962583	46.13794822
20139637	253.8680224	33.87835246
20149639	258.4382711	37.17157813
