# heliumInput = PEDIGREE
LineName	FemaleParent	MaleParent
1952068	NA	NA
1953017	NA	NA
1957614	NA	NA
1961037	NA	NA
1961039	NA	NA
1965069	NA	NA
1969380	NA	NA
19701133	NA	NA
1970330	NA	NA
1971321	NA	NA
1972019	NA	NA
19721210	NA	NA
19722086	NA	NA
1972355	NA	NA
1974339	NA	NA
1975020	NA	NA
1976331	NA	NA
1977010	NA	NA
1977310	NA	NA
1977403	NA	NA
1977405	NA	NA
1977407	NA	NA
1978020	NA	NA
1978317	NA	NA
1978357	NA	NA
1979010	NA	NA
1979348	NA	NA
1980004	NA	NA
1981010	NA	NA
1981030	NA	NA
19811254	NA	NA
198130	NA	NA
1982094	NA	NA
19821592	NA	NA
19822043	NA	NA
1982550	NA	NA
1983137	NA	NA
1983606	NA	NA
1983632	NA	NA
1983644	NA	NA
1983657	NA	NA
19841198	NA	NA
198468	NA	NA
1984722	NA	NA
1984772	NA	NA
1985294	NA	NA
1985313	NA	NA
1985336	NA	NA
1985358	NA	NA
1985830	NA	NA
1985834	NA	NA
19861206	NA	NA
19863374	NA	NA
1986422	NA	NA
1986429	NA	NA
1986901	NA	NA
1986916	NA	NA
1986941	NA	NA
19873388	NA	NA
1987492	NA	NA
1987626	NA	NA
1987644	NA	NA
1988063	NA	NA
198807	NA	NA
19882032	NA	NA
1988702	NA	NA
1988729	NA	NA
1988739	NA	NA
1988757	NA	NA
1988764	NA	NA
198878	NA	NA
1989012	NA	NA
1989028	NA	NA
1989113	NA	NA
1989163	NA	NA
19892377	NA	NA
19895189	NA	NA
1989821	NA	NA
1989825	NA	NA
1989831	NA	NA
1989837	NA	NA
1989843	NA	NA
1989845	NA	NA
1989846	NA	NA
1989879	NA	NA
1989884	NA	NA
1989888	NA	NA
1989889	NA	NA
1990017	NA	NA
1990020	NA	NA
1990024	NA	NA
19901436	NA	NA
199018	NA	NA
199020	NA	NA
1990923	NA	NA
1990941	NA	NA
1990951	NA	NA
1990956	NA	NA
1990957	NA	NA
1990963	NA	NA
1990977	NA	NA
1991250	NA	NA
1991255	NA	NA
1991281	NA	NA
1991286	NA	NA
1991516	NA	NA
1991523	NA	NA
1991534	NA	NA
1991542	NA	NA
1991547	NA	NA
1991552	NA	NA
1991557	NA	NA
1991558	NA	NA
1991559	NA	NA
1991572	NA	NA
19921320	NA	NA
1992307	NA	NA
1992312	NA	NA
1992314	NA	NA
1992321	NA	NA
1992355	NA	NA
1992614	NA	NA
1992618	NA	NA
1992624	NA	NA
1992631	NA	NA
1992648	NA	NA
1992654	NA	NA
1992672	NA	NA
1992674	NA	NA
1992675	NA	NA
1992676	NA	NA
1992678	NA	NA
1993016	NA	NA
1993017	NA	NA
199316	NA	NA
199317	NA	NA
19931858	NA	NA
1993363	NA	NA
1993365	NA	NA
1993378	NA	NA
1993386	NA	NA
1993391	NA	NA
1993393	NA	NA
1993399	NA	NA
1993631	NA	NA
1993707	NA	NA
1993721	NA	NA
1993744	NA	NA
1993746	NA	NA
1993749	NA	NA
1993750	NA	NA
1993754	NA	NA
1993767	NA	NA
1993769	NA	NA
1993770	NA	NA
1993771	NA	NA
1993775	NA	NA
1993776	NA	NA
1994001	NA	NA
19941200	NA	NA
19942203	NA	NA
1994424	NA	NA
1994426	NA	NA
1994431	NA	NA
1994432	NA	NA
1994433	NA	NA
1994806	NA	NA
1994808	NA	NA
1994814	NA	NA
1994817	NA	NA
1994822	NA	NA
1994828	NA	NA
1994836	NA	NA
1994839	NA	NA
1994848	NA	NA
1994850	NA	NA
1994851	NA	NA
1994856	NA	NA
1994861	NA	NA
1994864	NA	NA
1994865	NA	NA
199502	NA	NA
199525	NA	NA
1995461	NA	NA
1995477	NA	NA
1995482	NA	NA
1995483	NA	NA
1995906	NA	NA
1995908	NA	NA
1995944	NA	NA
1995947	NA	NA
1995950	NA	NA
1995951	NA	NA
1995985	NA	NA
1995995	NA	NA
1996002	NA	NA
1996006	NA	NA
1996026	NA	NA
1996040	NA	NA
1996044	NA	NA
1996045	NA	NA
1996060	NA	NA
1996063	NA	NA
1996071	NA	NA
19961252	NA	NA
1996503	NA	NA
1996522	NA	NA
1996529	NA	NA
1996538	NA	NA
1996550	NA	NA
1996565	NA	NA
1996566	NA	NA
1996569	NA	NA
1996671	NA	NA
199711	NA	NA
1997133	NA	NA
1997149	NA	NA
199722	NA	NA
19974416	NA	NA
1997601	NA	NA
1997621	NA	NA
1997645	NA	NA
1997646	NA	NA
1997651	NA	NA
1997670	NA	NA
1997687	NA	NA
1997783	NA	NA
1998197	NA	NA
1998198	NA	NA
1999001	NA	NA
1999002	NA	NA
199906	NA	NA
19991	NA	NA
199917	NA	NA
19992	NA	NA
199925	NA	NA
199927	NA	NA
19993027	NA	NA
199931	NA	NA
199939	NA	NA
1999841	NA	NA
1999871	NA	NA
2000005	NA	NA
2000017	NA	NA
20001301	NA	NA
2000458	NA	NA
2001008	NA	NA
2001009	NA	NA
20010271	NA	NA
2001042	NA	NA
20011	NA	NA
20011178	NA	NA
20012390	NA	NA
20026848	NA	NA
20028021	NA	NA
20028137	NA	NA
2002840	NA	NA
2003013	NA	NA
2003042	NA	NA
2003403	NA	NA
20059014	NA	NA
20059018	NA	NA
20059918	NA	NA
20062664	NA	NA
20069011	NA	NA
20069017	NA	NA
20069025	NA	NA
20079005	NA	NA
20079848	NA	NA
2008823	NA	NA
20099103	NA	NA
20099106	NA	NA
2009930	NA	NA
201008	NA	NA
201016	NA	NA
201111	NA	NA
20119340	NA	NA
201226	NA	NA
20129018	NA	NA
20129409	NA	NA
2013004	NA	NA
2013005	NA	NA
2013006	NA	NA
201415	NA	NA
2006030	NA	NA
2008074	NA	NA
2008081	NA	NA
2008088	NA	NA
2008093	NA	NA
2010940	NA	NA
2015319	NA	NA
2016378	NA	NA
20069701	NA	NA
1965357	1952068	1953017
1970321	1961039	1957614
1972370	1961037	1952068
1977042	1971321	1972019
1983153	1977405	1974339
1985384	1977310	1977407
1986454	1977310	1969380
1990018	1979348	1983657
1991555	1983644	1982094
1995988	1986941	1989012
1996509	1983644	1984722
1998741	1981010	1983632
1998778	1989889	1990956
1999226	1989846	1981030
1999229	1986429	1991552
1999230	1986429	1991552
1999233	1979348	1991552
1999236	1989113	1990963
1999243	1989163	1983644
1999800	1991552	1988764
1999806	1989837	1988702
1999808	1983644	1981030
1999809	1983644	1981030
1999822	1990951	1990963
1999829	1990956	1983632
1999832	1989879	1990951
1999833	1989879	1990951
1999837	1988702	1983632
1999838	1988702	19721210
1999854	1992624	1985358
1999855	1992624	1985358
1999857	1991552	1990941
1999859	1990941	1988764
1999861	1981010	1972355
1999862	1992631	1991552
1999866	1991559	1990956
1999870	1991286	1992631
2000247	1991281	1992314
2000248	1983137	1992624
2000249	1991281	1992314
2000250	1991281	1992314
2000252	1989846	1993386
2000253	1989113	1983644
2000256	1989113	1983644
2000257	1985313	1976331
2000259	1989846	1992321
2000261	1991281	1992312
2000263	1983137	1983644
2000264	1989846	1977010
2000265	1985313	1992355
2000266	1989846	1993386
2000267	1983137	1992321
2000268	1983137	1983644
2000269	1985313	1993365
2000270	1970330	1992312
2000273	1991281	1993365
2000274	1991281	1993365
2000275	1983137	1983644
2000277	1991281	1992624
2000900	1985830	19821592
2000902	1991281	1977310
2000903	1991542	1990956
2000904	1989879	1990017
2000905	1991542	1990956
2000906	1991542	1990956
2000907	1992624	1993744
2000908	1992624	1993744
2000913	1987626	1985834
2000914	1989837	1986901
2000915	1983632	1992614
2000916	1992614	1990956
2000917	1985358	1990020
2000922	1989831	1983632
2000923	1987644	1992614
2000924	1987644	1992614
2000928	1983606	1991534
2000931	1991542	1991552
2000932	1991542	1991552
2000933	1989884	1991559
2000934	1991542	1991552
2000935	1990957	1991552
2000936	1990923	1991559
2000937	1991523	1991559
2000938	1991542	1991552
2000943	1992678	1992631
2000944	1992672	1990923
2000945	1991542	1990963
2000946	1989821	1990956
2000947	1992618	1992631
2000948	1992624	NA
2000949	1993016	1992631
2000950	1993750	1992676
2000951	1993750	1992676
2000955	19841198	19873388
2000958	1983137	1994865
2000959	1983137	1994865
2000961	1994001	1991552
2001040	1993775	1993016
2001282	1992307	1992678
2001286	1992307	1992678
2001294	1993365	1992312
2001302	1992648	1989889
2001303	1985313	1979348
2001305	1992624	1977310
2001306	1993767	1994431
2001310	1993746	1988063
2001313	1993767	1993365
2001500	1989843	1979348
2001501	1989843	1979348
2001507	1993775	1991558
2001508	1991547	1991559
2001515	1989888	NA
2001517	1992631	19841198
2001518	1992631	19841198
2001527	1993750	1993769
2001531	1992618	1993769
2001542	1993771	1986916
2001552	1991557	1981030
2001556	1979348	1992312
2001560	1982550	1991552
2002096	1996002	1996006
2002097	1993016	1990024
2002099	1996569	1993017
2002329	1993746	1994426
2002332	1991281	1981010
2002334	1990941	1990941
2002335	1994426	1984772
2002337	1991542	1991559
2002338	1994432	1991255
2002340	1981010	1995477
2002344	1989845	1991534
2002346	1988063	1991255
2002347	1988063	1991255
2002351	1988063	1991255
2002353	1994432	1991255
2002354	1988063	1991255
2002355	1990941	1993750
2002358	1991542	1991559
2002601	1989837	1993769
2002602	1989831	19701133
2002608	1992624	199020
2002613	1991557	198130
2002639	1991542	1990956
2002640	1989821	1991559
2002643	199018	1992676
2002644	199018	1992676
2002645	199018	1992676
2002648	1994848	1994851
2002649	1994848	19892377
2002650	1991542	1991559
2002651	1994856	1990941
2002652	1994856	1993750
2003362	1996040	1996044
2003363	1983644	1981010
2003367	1993016	1996045
2003369	1983644	1992624
2003372	1983644	1981010
2003373	1983644	1995477
2003374	1983644	1995477
2003375	1983644	1995477
2003376	1983644	1995477
2003377	1983644	1995477
2003378	1981010	1997149
2003379	NA	1992624
2003381	1983644	1995477
2003382	1983644	1995477
2003385	1983644	1995477
2003388	1992648	1997133
2003390	1981010	1996550
2003391	NA	1978317
2003393	1983644	1995477
2003394	1996566	1992624
2003396	1992624	1996045
2003397	1992624	1996045
2003700	1994817	1995985
2003701	1994808	1957614
2003703	1992618	1995947
2003704	1995908	1995947
2003705	1989831	1957614
2003707	1992624	1993750
2003708	1992624	1993750
2003714	1994856	1989831
2003715	1992624	1993750
2003716	1992624	1993750
2003718	1994850	1992618
2003719	1994856	1992631
2003723	1990941	1993378
2003724	1994808	1992631
2003725	1994808	1992618
2003726	1994856	1992631
2003729	1994808	1992618
2003731	1991250	1992624
2003732	1994836	1993750
2003733	1994808	1993750
2003734	1992624	1993750
2003737	1994856	19901436
2003738	1994856	1990941
2003739	1994808	1990941
2003744	1989831	1995985
2003750	1989831	1992618
2003751	1989831	1992631
2003753	1989831	1992618
2003754	1992648	1993378
2003755	1993707	1992675
2003756	1993707	1992675
2003758	1990941	19921320
2004403	1978357	1994432
2004404	1988702	1992618
2004406	1992624	1991255
2004409	1989879	1994426
2004411	1997670	1994432
2004417	1992624	1981010
2004422	1989113	1992618
2004430	1983644	1996040
2004431	1994806	1997621
2004433	1992624	1989889
2004435	1992624	1995482
2004436	1983644	1996063
2004800	1992624	1995985
2004801	1993746	19701133
2004802	1993775	1992618
2004803	1993775	1992618
2004807	1994856	1992624
2004808	1994856	1992624
2004810	1992631	1989837
2004811	1994856	1989837
2004812	1994856	1992624
2004814	1995908	1995985
2004815	1995995	1994426
2004816	1995995	1994426
2004817	1992624	1994426
2004819	1994856	1993750
2004820	1992674	1994814
2004821	1993746	1993378
2004822	1994864	1995944
2004823	1992674	1994861
2004824	1992648	1993378
2004827	1992624	1997687
2004828	1996529	1995950
2004830	1994856	1993775
2004831	1991552	1989837
2004832	1991552	1989837
2004833	1993363	1990941
2004834	1994856	1992618
2004835	1993775	1992618
2004836	1994856	1992618
2004841	199018	1989837
2004842	1991552	1993750
2004846	1992648	1994426
2004847	1992648	1994426
2004848	1994836	1993750
2004852	1992674	1994861
2004853	1995908	1989831
2005445	1998198	1997621
2005455	1992624	1998197
2005460	1992624	1991255
2005463	1981010	1992312
2005468	1993399	1991552
2005472	1992624	1996522
2005900	1994808	1995461
2005907	1991559	1992631
2005911	1994856	1992618
2005912	1994856	1992618
2005913	1994856	1992618
2005914	1994828	1992631
2005915	1994856	1992631
2005916	1994856	1992624
2005917	1994856	1992624
2005918	1994856	1990941
2005919	1994856	1990941
2005920	1994856	1990941
2005921	1994856	1990941
2005922	1989837	1993750
2005923	1989837	1993750
2005924	1989837	1993750
2005925	1989837	1993750
2005926	1989837	1990941
2005928	1992648	1993378
2005929	1992648	1993378
2005930	1994808	1992618
2005935	1994806	1995950
2005936	1995483	1997645
2005937	1983644	1997645
2005938	1983644	1999871
2005939	1991552	1996538
2005940	1995906	1997601
2005941	1995906	1997601
2005942	1995906	1997601
2005943	1992648	1997651
2005948	1997646	1994806
2005949	1983632	1999871
2005952	1992624	1991281
2005956	1994856	NA
2005957	1994856	NA
2005958	1994856	NA
2005959	1994856	NA
2006500	1989831	1993378
2006501	1993750	1993631
2006503	1989831	1957614
2006509	1989831	1995908
2006514	1994856	1995950
2006529	1994856	NA
2006567	1996671	2000005
2008719	NA	198468
2008724	1994856	19961252
2009840	1981010	NA
2009842	20011	1994856
2009850	1989831	1994856
2009857	1989831	1993770
2009859	1994856	1993770
2010135	1994433	NA
2010137	1992624	1991552
2010901	1993750	19942203
2010912	1988739	NA
2010915	1994856	NA
2013237	1992624	NA
2013257	1981010	NA
2015322	1994432	NA
2015328	1994432	NA
2015329	1991552	NA
2015335	1992618	NA
2015338	1994432	NA
2015339	1994432	NA
2015341	1994432	NA
2015511	1983644	NA
2015516	1983644	NA
2015517	1983644	NA
2018452	1983644	2008093
19892143	19811254	19722086
20049601	1996002	1993016
20059001	199931	1995950
20059002	199931	1995950
20059006	199925	1999841
20059008	1983644	199927
20059009	1983644	198807
20059300	1994856	1992618
20059604	199722	NA
20059605	199722	NA
20059606	199906	1993776
20069609	1988739	2001009
20099402	1992624	2003042
20099619	1989831	1995985
20099620	1996002	1990941
20099621	1996002	1990941
20099622	1992624	1999002
1974383	1965357	1965069
1979318	1965357	1965069
1982089	1952068	1972370
1985845	1972370	1977403
1995462	1985384	1985336
1996092	1981010	1986454
1996540	1986454	1985384
1996561	1985384	1988729
1997128	1981010	1985384
1997137	1981010	1985384
1997609	1985384	1970321
1998207	1986454	1985384
1998209	1986454	1985384
1998734	1985384	1986454
1998771	1989831	1985384
1998776	1985384	19701133
1999213	1989889	1985384
1999214	1981010	1985384
1999215	1980004	1985384
1999221	1989846	1985384
1999225	1991281	1985384
1999227	1985294	1985384
1999231	1989889	1985384
1999234	1989846	1985384
1999240	1988739	1986454
1999804	1986454	1986901
1999805	1986454	1986901
1999813	1989831	1985384
1999814	1989831	1985384
1999815	1989831	1985384
1999817	1990956	1985384
1999821	198878	1985384
1999825	1983606	1985384
2000246	1988739	1985384
2000258	1985384	NA
2000260	1985384	NA
2000262	1978020	1985384
2000272	1991281	1986454
2000910	1986454	1988702
2000911	1986454	1988702
2000912	1985384	19882032
2000918	1989831	1985384
2000919	1989831	1985384
2000920	1989831	1985384
2000921	1989831	1985384
2000925	1989831	1985384
2000926	1989831	1985384
2000927	1989831	1985384
2000929	1989831	1985384
2000930	1989831	1985384
2000939	1986454	1989825
2000940	1986454	1989825
2000941	1989831	1986454
2000942	1989831	1986454
2000952	1986454	1986916
2000953	1983153	1992631
2000954	1983153	1992631
2000956	1991516	1985384
2000957	1986454	1970321
2000960	1990018	1990017
2001279	1985384	1993754
2001280	1993363	1985384
2001281	1986429	1985384
2001283	1993365	1985384
2001284	1965357	1985384
2001285	1985384	1993754
2001287	1993363	1985384
2001288	1993363	1985384
2001289	1981010	1985384
2001290	1994424	1985384
2001291	1993363	1985384
2001292	1965357	1985384
2001293	1965357	1985384
2001296	1965357	1985384
2001297	1992648	1985384
2001298	1992648	1985384
2001299	1993365	1985384
2001300	1986422	1985384
2001301	1993749	1985384
2001304	1993749	1985384
2001307	1993746	1985384
2001308	1988739	1985384
2001309	1993746	1985384
2001311	1988739	1985384
2001312	1993746	1985384
2001314	1988739	1985384
2001315	1993746	1985384
2001502	1985384	19861206
2001505	1986454	1985384
2001506	1986454	1985384
2001509	1985384	1988729
2001510	1985384	1988729
2001511	1985384	19882032
2001512	1989831	1985384
2001513	1992631	1985384
2001514	1992631	1985384
2001516	1992631	1985384
2001519	1986454	1989825
2001520	1990977	1985384
2001521	1990977	1985384
2001522	1989831	1985384
2001524	1986454	1989825
2001526	1988757	1985384
2001528	1988757	1985384
2001529	1988757	1985384
2001530	1988757	1985384
2001532	1992654	1985384
2001533	1992654	1985384
2001534	1992654	1985384
2001535	1993721	1985384
2001536	1988757	1985384
2001537	1992618	1985384
2001538	1985384	1975020
2001539	1985384	1975020
2001543	1985384	1986454
2001544	1985384	1986454
2001545	1985384	1986454
2001551	1989831	1986454
2001553	1985384	1986454
2001554	1985384	1986454
2001557	1992624	1985384
2001558	1986454	1989825
2001559	1981010	1985384
2001561	1983644	1985384
2001562	1985313	1970321
2001563	1983644	1985384
2001564	NA	1985384
2001565	NA	1985384
2001566	1985384	1975020
2001567	1990018	1991558
2002098	1990018	1993775
2002316	1994424	1985384
2002317	1981010	1985384
2002319	1994424	1985384
2002320	1994424	1985384
2002322	1985336	1985384
2002323	1994424	1985384
2002324	1994424	1985384
2002325	1994424	1985384
2002326	1994424	1985384
2002327	1994424	1985384
2002328	1994424	1985384
2002336	1988739	1985384
2002342	1983644	1985384
2002350	1992624	1985384
2002360	1992624	1985384
2002361	1992624	1985384
2002600	1986454	1988702
2002603	1990977	1985384
2002604	1985384	1993769
2002605	1990923	1983153
2002606	199316	1985384
2002607	199317	1985384
2002611	1965357	19822043
2002612	1965357	1985384
2002614	1989884	1985384
2002615	1989884	1985384
2002616	1989831	1985384
2002617	1989831	1985384
2002618	1989831	1985384
2002619	1989831	1985384
2002620	1989831	1985384
2002621	1989831	1985384
2002622	1989831	1985384
2002623	1989831	1985384
2002624	1989831	1985384
2002625	1989831	1985384
2002626	1989831	1985384
2002627	1989831	1985384
2002628	1989831	1985384
2002629	1989831	1985384
2002630	1989831	1985384
2002631	1989831	1985384
2002632	1989831	1985384
2002633	1989831	1985384
2002634	1989831	1985384
2002635	1989831	1985384
2002636	1989831	1985384
2002637	1989831	1985384
2002638	1989831	1985384
2002647	1986454	1986916
2002653	1985384	199502
2003366	1992624	1985384
2003368	1985384	1996045
2003380	1992624	1985384
2003387	1992624	1985384
2003395	1995988	1989113
2003398	1991255	1985384
2003702	1995988	1985384
2003706	1994861	1986454
2003709	1993750	1986454
2003710	1989831	1986454
2003711	1993746	1986454
2003712	1994839	1986454
2003713	1994856	1986454
2003717	1985384	1986454
2003720	1989831	1985384
2003721	1989831	1985384
2003722	1993393	1986454
2003727	1985384	1986454
2003728	1985384	1986454
2003730	1985384	1986454
2003735	1989831	1985384
2003736	1994836	1985384
2003740	1989831	1985384
2003741	1985384	1992631
2003742	1985384	1992631
2003743	1985384	1992631
2003745	1989831	1985384
2003746	1986454	1992631
2003747	1986454	1992631
2003748	1989831	1985384
2003749	1989831	1985384
2003752	1993750	1985384
2003757	1986454	1993750
2003759	199711	1985384
2003760	1986454	1992631
2004400	1977042	1985384
2004401	1991255	1985384
2004405	1996509	1995482
2004408	1986454	1985384
2004410	1992648	1985384
2004414	1996565	1985384
2004416	1965357	1985384
2004418	1992648	1985384
2004419	1986454	1985384
2004420	1986454	1985384
2004421	1992648	1990018
2004425	1994432	1985384
2004426	1996026	1995988
2004427	1992648	1985384
2004428	1992648	1985384
2004429	1989889	1985384
2004438	1986454	1985384
2004805	1994864	1986454
2004813	1994828	1986454
2004818	1993750	1985384
2004825	1994808	1986454
2004826	1994864	1985384
2004843	1995908	1986454
2004849	1989831	1985384
2004850	1994856	1986454
2004854	1993746	1985384
2004855	1995995	1985384
2004858	1983606	1985384
2005439	1981010	1985384
2005441	1992624	1985384
2005443	1987492	1999233
2005446	1999229	1985384
2005448	1987492	1999233
2005449	1986454	1985384
2005450	1979010	1985384
2005451	1981010	1985384
2005452	1999226	1999233
2005456	1999233	1985384
2005459	1989113	1985384
2005461	1999233	1985384
2005467	1995988	1994433
2005473	1995951	1985384
2005901	1995951	1986454
2005906	1986454	1995908
2005927	1986454	1992631
2005931	1992631	1985384
2005932	1992631	1985384
2005933	1992631	1985384
2005934	1989831	1985384
2005945	1989831	1985384
2005951	1986454	1999226
2005953	1977042	1992618
2005954	1989846	1985384
2005960	1993750	1986454
2005961	1983644	1977042
2006007	1965357	1992312
2006008	1989846	1977042
2006011	1981010	1985384
2006017	1992624	2000257
2006019	1995988	1989113
2006021	1981010	1985384
2006022	1983153	1999233
2006023	1983153	1999233
2006026	1986454	1985384
2006027	1999226	NA
2006028	1992624	1999233
2006032	1996509	1985384
2006034	1999226	1985384
2006036	1985313	1996509
2006037	1986454	1999233
2006038	1992624	1999233
2006039	1999226	1985384
2006040	1981010	1985384
2006502	1995908	1985384
2006504	1992648	1995988
2006505	1994864	1986454
2006506	1994864	1986454
2006507	1994864	1986454
2006510	1992675	1985384
2006511	1992675	1985384
2006515	1993770	1985384
2006516	1999833	1994856
2006518	1989879	2000945
2006530	1991555	1985384
2006531	1988739	2000945
2006532	1991555	1986454
2006533	1991555	1989831
2006536	1986454	NA
2006542	1999226	1985384
2006543	1999226	1985384
2006548	2000932	1985384
2006549	2000932	1985384
2006550	2000932	1985384
2006551	2000932	1985384
2006552	2000932	1985384
2006553	2000932	1985384
2006554	2000945	1985384
2006556	1994856	1985384
2006557	1994856	1985384
2006561	1998741	1977042
2006565	1977042	1994856
2006566	1977042	2000955
2007043	1985384	2000247
2007045	1992624	1998741
2007047	1998741	1985384
2007049	1992624	1999226
2007051	1995988	1985384
2007052	1995988	1985384
2007053	1992624	2000266
2007055	2000905	NA
2007061	1995988	1985384
2007062	1993363	1985384
2007063	1995988	1985384
2007064	1985384	2001517
2007065	1985384	NA
2007067	1991281	1999226
2007069	1995988	2000266
2007070	1985384	2001517
2007071	1983644	1999233
2007072	1985384	2001517
2007600	1993750	1986454
2007601	1993750	1986454
2007605	1993750	1986454
2007606	1995950	1986454
2007607	1989879	2000945
2007609	1999233	1977042
2007610	1999870	1986454
2007611	1995951	1999833
2007614	1999866	1977407
2007615	1999230	1977407
2007618	NA	1999866
2007619	1999870	1986454
2007621	1999870	1977407
2008076	1992648	1999233
2008079	2000905	1994432
2008080	2000905	1994432
2008085	1991552	1999226
2008090	1991552	1999226
2008091	1994433	1985384
2008092	NA	1995988
2008094	1991552	1999226
2008095	1992648	1999233
2008700	1991555	NA
2008702	19992	1991555
2008703	1995951	1999833
2008709	NA	1985384
2008711	1998741	1985384
2008715	2001517	1977042
2008716	1991555	2000955
2008718	NA	1995988
2008720	1999226	1999233
2008730	2001008	1999226
2009100	1985384	NA
2009101	NA	1985384
2009103	1985384	NA
2009108	1992624	1999226
2009110	1981010	1995988
2009111	1989831	1985384
2009113	1989831	1985384
2009120	1992624	1999226
2009122	1992624	1999233
2009127	1992624	1985384
2009129	1992624	1985384
2009802	2000950	NA
2009803	2000950	NA
2009806	1977042	19993027
2009812	1999226	1999833
2009831	2000955	2002639
2009836	2001517	2004852
2009837	2001517	2004852
2009853	1989879	2000945
2009858	1989889	2000945
2010136	1979010	1999226
2010138	1992624	1999233
2010139	1992624	1999233
2010142	1992624	1985384
2010144	1992624	1999233
2010145	1992624	1985384
2010151	1979010	1999226
2010152	1992624	1999226
2010154	1981010	1985384
2010157	1992648	1999233
2010904	1999233	2000935
2010917	1991555	1993770
2010918	1991555	1993770
2010919	1999233	NA
2010920	1999233	NA
2010923	2001517	2002639
2010925	2001517	2002639
2010932	2004827	2004852
2011170	1992624	1985384
2011178	1992624	1985384
2011179	1994426	1999233
2011183	1992624	1985384
2011188	1992624	1985384
2011189	1981010	1999226
2011506	1999226	NA
2011510	1999226	NA
2011520	1988739	2001517
2011526	1988739	2001517
2011559	1999226	1991555
2011562	1995988	NA
2011577	2004821	2001517
2012194	1992624	1985384
2012203	1981010	2000950
2012210	NA	1999226
2012216	1992624	1999226
2012217	1992624	1985384
2012219	1995988	1999233
2012223	1981010	1985384
2012228	1989831	1985384
2012229	1989831	1985384
2012604	2005958	1999226
2012612	20069025	2001517
2012616	1989028	2001517
2012618	1989028	2001517
2012619	1989028	2001517
2012620	1989028	2001517
2012621	1989028	2001517
2012640	1999233	20001301
2012641	1999233	20011178
2012642	2005939	1999226
2012643	2001517	NA
2012645	2005923	2005939
2012646	2000950	2004852
2012647	20010271	2004836
2012648	2004836	2001517
2012650	2004821	20028021
2012655	2004821	1999226
2012657	2004827	2001517
2012659	2004827	2001517
2012660	2004827	2001517
2012662	2003718	20012390
2012663	2003718	20012390
2012664	2001517	NA
2012665	1999226	NA
2012667	2003718	20012390
2012671	2003393	1999226
2012673	1999226	NA
2012674	2001517	NA
2012676	2000458	2001517
2012677	2000458	2001517
2013235	1983644	2004836
2013239	1992624	1999233
2013249	NA	1985384
2013253	1992648	2004836
2013721	19974416	2004810
2013725	2004824	2001517
2013727	2004821	1999226
2013728	2004821	1999226
2013731	1999233	2001517
2013755	2004821	2005918
2013756	2004821	2005918
2013761	2004824	2005918
2013764	1999233	2005918
2013765	2004821	1999226
2013766	2004821	1999226
2013770	1999233	2004810
2013772	2004821	2005918
2013773	2004821	2005918
2013777	1999233	1999226
2013780	1999233	2001517
2013781	2004824	2001517
2014270	2000950	1999226
2014275	1992624	1999226
2014277	2000950	NA
2014293	1999233	1999226
2014295	1983644	1999226
2014802	1999233	2004810
2014808	2000950	1999226
2014815	19931858	2005918
2014816	2005920	2005923
2014819	2005920	2005923
2014825	20079848	2005923
2014847	1983644	2001517
2014849	1983644	2001517
2014850	1983644	2001517
2014852	2005923	1999226
2014865	2000950	2004852
2014866	2000950	2004852
2014870	2001517	2004852
2014873	2005920	1999226
2014875	2001517	2004852
2014876	2001517	2004852
2014877	2001517	2004852
2014886	2005920	2004852
2014887	2005920	2004852
2014888	2001517	2004852
2014892	2000950	2004852
2014894	1977042	2001517
2014897	2003391	20028021
2014898	2006567	1999226
2014899	2005920	2005923
2014901	2003391	20028021
2014902	2003391	20028021
2014911	1977042	2001517
2014912	2005920	2005923
2015309	1992624	1985384
2015317	2001517	NA
2015320	1992624	1999233
2015334	1992624	1999233
2015503	2001517	NA
2015506	2001517	NA
2015528	2000950	NA
2015542	1983644	1999226
2015552	2001517	NA
2015934	1983644	2004836
2015940	1985384	NA
2015941	1985384	NA
2015947	1995988	NA
2015982	2000266	NA
2015999	2001517	NA
2016350	1999233	NA
2016352	1985384	NA
2016355	1981010	1999226
2016359	2004847	NA
2016361	2001517	NA
2016372	1985384	NA
2016675	2001517	201008
2016685	1999226	2004852
2017394	1985384	NA
2017407	NA	1999226
2017419	1992624	1999233
2017713	2005918	2009850
2018451	1983644	1985384
2018471	2001517	NA
2018475	1992624	1999233
2018826	2009850	2005918
2018869	1985384	2013006
2019020	1992624	1999233
2019021	1992624	1999233
2019495	1992624	1985384
2019924	2000950	2009857
2020040	1992624	1999226
2020065	2001517	1999226
20011372	19941200	19892143
20059007	199939	1986454
20069607	2000905	2000017
20069608	NA	1985384
20069610	1990018	NA
20089618	1995951	2001517
20109624	1977042	2002099
20109625	2001517	NA
20119406	1999226	NA
20119627	20059018	20059606
20119628	20059018	20059606
20129632	20069025	2001517
20129634	2005958	1999226
20139637	2004821	2003403
1994428	1981010	1982089
1997606	1985845	1985384
1998718	1981010	1982089
1998781	1989831	1982089
1999238	1979318	1985384
1999839	1985845	1985384
2000251	1985845	1993391
2000254	1985845	1983644
2000255	1991281	1982089
2000271	1965357	1982089
2000276	1990941	1982089
2000278	1990941	1982089
2000901	1985845	1990956
2000909	1985845	1979348
2001295	1985845	1994432
2001503	1970321	1985845
2001504	1970321	1985845
2001523	19863374	1985845
2001525	19863374	1985845
2001541	1985845	1985384
2001546	1985845	1995988
2001547	1985845	1985384
2001548	1985845	1985384
2001549	1985845	1985384
2001550	1985845	1985384
2002095	1990024	1985845
2002339	1985313	1985845
2002341	1996071	1982089
2002343	1985384	1985845
2002345	1985384	1985845
2002348	1993746	1985845
2002349	1993746	1985845
2002352	1985384	1985845
2002359	1993363	1985845
2002609	1985845	1992648
2002610	1985845	1992648
2002641	1985845	1992676
2002642	1985845	1992676
2002646	1979318	1994856
2003364	1996060	1982089
2003365	1983644	1982089
2003371	1983644	1982089
2003386	1985384	1982089
2003389	1985384	1982089
2003392	1983644	1985845
2003399	1985384	1982089
2004402	1997609	1986454
2004407	1994806	1985845
2004423	1998207	1981010
2004424	1994432	1998209
2004432	1998207	1994432
2004434	1997609	1985845
2004437	1997128	1995988
2004804	1985845	1992618
2004806	1992624	1996540
2004809	1995950	1996540
2004829	1985845	1985384
2004837	1985845	1992618
2004838	1985845	1985384
2004839	1985845	1985384
2004840	1985845	1985384
2004844	1985845	1995988
2004851	1985845	1994861
2004856	1989831	1996540
2004857	1985845	1993750
2004859	1986454	1996540
2005440	1997128	1991281
2005442	1987492	1997609
2005444	1996561	1999229
2005447	1996561	1999233
2005453	1985384	1996540
2005457	1997128	1987492
2005458	1992624	1997609
2005462	1996540	1991552
2005464	1979318	1999233
2005465	1995988	1998207
2005466	1983644	1997609
2005469	1995988	1998209
2005474	1998207	NA
2005902	1995950	1996540
2005903	1994822	1996540
2005904	1994822	1996540
2005905	1994822	1996540
2005908	1989831	1996540
2005909	1989831	1996540
2005910	1995985	1996540
2005944	1985845	1997609
2005946	1994817	1997609
2005947	1997609	1992675
2005955	1992624	1996540
2006001	1992618	1996540
2006002	1992618	1996540
2006003	1997128	1982089
2006004	1997128	1982089
2006005	1997128	1982089
2006006	1992624	1998207
2006009	1995988	1998207
2006010	1985384	1996540
2006012	1995988	1998207
2006013	1995988	1996540
2006014	1992624	1998207
2006015	1992618	1996540
2006016	1983644	1998209
2006018	1995951	1996540
2006020	1998209	NA
2006024	1997128	1999233
2006025	1991281	1996561
2006029	1985845	1985384
2006508	1994856	1996540
2006512	1996503	1996540
2006513	1989831	1996540
2006517	1994836	1996540
2006519	1998207	NA
2006520	1998207	NA
2006521	2000921	1996540
2006522	2000921	1996540
2006523	2001042	1996540
2006524	2001042	1996540
2006525	1992675	1996540
2006526	1999233	1996540
2006527	1992624	2001553
2006528	1992624	2001553
2006534	1991555	1996540
2006535	1999866	1996540
2006537	1992624	1996540
2006538	1992624	1996540
2006539	1992624	1996540
2006541	2001558	1997783
2006544	1981010	2001553
2006545	1981010	2001553
2006546	1981010	2001553
2006547	1995950	2001553
2006558	1981010	1996540
2006559	1981010	1996540
2006560	NA	1996540
2006562	1977042	2001553
2006563	1977042	2001553
2006564	1977042	1996540
2007041	1996509	1998207
2007042	1996509	1998207
2007044	1995988	1998207
2007046	1998207	1992321
2007048	1995988	1998207
2007050	1985313	1998209
2007054	2001315	1998741
2007056	1995988	1998207
2007057	2001315	1998741
2007058	1996509	1998207
2007059	1998207	NA
2007060	1998207	NA
2007066	1998207	NA
2007068	1998207	NA
2007073	1996561	1999226
2007602	2000921	1996540
2007603	2000921	1996540
2007604	1995950	2001553
2007608	1999804	2000917
2007612	2001558	1977042
2007613	2000905	1996540
2007616	1977042	1996540
2007617	2000940	1999825
2007620	1977042	1998207
2007622	1995951	1996540
2008075	1985845	1998207
2008077	2001283	1991552
2008078	2001561	NA
2008082	2001561	NA
2008083	2000930	1991552
2008084	1992624	2002323
2008086	2000950	1996540
2008089	1997128	1998209
2008701	2001558	19961252
2008707	1986454	2000930
2008708	1991555	1996540
2008710	2000951	1996540
2008717	2000960	1985384
2008721	2000950	1996540
2008723	1989846	1996540
2008726	1997128	1996540
2008728	1992624	1996540
2008729	1998741	2000930
2009096	1981010	1998207
2009098	2001283	1981010
2009099	2000930	1991552
2009102	1997128	1999226
2009104	2001553	1999233
2009105	2000930	1999233
2009106	2000930	1999233
2009107	2000930	1999233
2009109	2001299	1991552
2009114	1965357	2002316
2009115	1997128	NA
2009116	2000930	2000266
2009117	2001517	1998207
2009118	2001517	1998207
2009119	1997609	1992618
2009121	2001517	1998207
2009123	1999233	1985845
2009124	1995951	2002325
2009125	1992624	1998207
2009126	2000930	2000266
2009130	1999233	1985845
2009131	1999233	1985845
2009800	1997128	NA
2009807	2001558	2000259
2009808	2001529	2001553
2009809	19991	2001553
2009810	2001529	2001553
2009813	2001312	1996540
2009814	2000266	2001553
2009815	1977042	2001553
2009816	1997128	1996540
2009817	1997128	1996540
2009818	1977042	2001553
2009819	1977042	2001553
2009820	1977042	2001553
2009823	2001553	1991552
2009824	1999233	1996540
2009825	1999233	1996540
2009826	1997128	1999233
2009827	2001283	1994856
2009828	2001564	1999233
2009829	2001564	1999233
2009832	1997128	1994856
2009833	2000930	2004852
2009834	2001283	1994856
2009835	2002653	1999233
2009839	2000930	2004852
2009841	2002653	1999233
2009843	1992648	1997137
2009846	2000938	1996540
2009847	2000938	1996540
2009848	2001299	1994856
2009852	2001299	1994856
2009854	2001299	1994856
2009855	1989831	1996540
2009856	1989831	1996540
2010132	1996540	1999233
2010133	2002618	1999226
2010134	1996540	1999233
2010140	1997128	1996540
2010141	1991281	1996540
2010143	2002620	1994426
2010146	1981010	2004410
2010147	1981010	2004410
2010148	1997128	1996540
2010149	1997128	1996540
2010150	2002618	1999233
2010155	2002618	1999233
2010156	1997128	1999233
2010158	1983644	2002316
2010159	1979010	1996540
2010160	1996561	1999233
2010161	2002618	1999233
2010162	1991281	1996540
2010163	1997128	1999226
2010164	1997128	1996540
2010165	NA	1996540
2010166	NA	1996540
2010900	1999233	2001564
2010902	1997128	2004852
2010903	1997128	2004852
2010905	1999825	1999866
2010906	1995951	2000953
2010909	1995951	2000930
2010910	1993750	1999231
2010916	2000930	2001553
2010921	2002623	NA
2010922	2002631	NA
2010924	2003714	1996540
2010927	2001564	2001517
2010928	2001564	2002099
2010929	2001564	1999226
2010931	2002618	NA
2010933	1994822	1996540
2010934	2001564	2001517
2010935	1985845	2002328
2010936	1985845	2002328
2010938	1985845	2002328
2010939	1977042	2001544
2011167	1992624	1996540
2011168	1994433	1996540
2011169	1992624	2001299
2011171	1994433	1996540
2011172	1999233	1996540
2011173	1995951	2004410
2011174	1992624	1996540
2011175	1985384	2002325
2011176	2000930	2004408
2011177	1994433	1996540
2011180	2000930	2004408
2011181	2004408	1999233
2011182	1994433	1996540
2011184	2002316	NA
2011185	1994433	1996540
2011186	2000933	2004410
2011191	2004408	1999233
2011504	2003743	NA
2011505	2004827	2005953
2011507	1996540	2001517
2011508	1996540	2001517
2011511	1996540	2001517
2011512	1996540	2001517
2011513	2000930	2001517
2011514	2000930	2001517
2011515	2005953	2002623
2011516	2003743	NA
2011517	2000930	2001517
2011518	2000930	2001517
2011521	2005953	2002623
2011523	2004408	NA
2011524	2001564	2003708
2011525	2005953	2002623
2011527	2000950	1996540
2011528	2002620	1999226
2011529	2000950	2005953
2011530	2000950	2005953
2011531	1997128	2001517
2011532	2005953	2002623
2011537	1996540	NA
2011538	2002316	NA
2011539	2004813	2002623
2011544	2004843	NA
2011545	2004843	NA
2011546	2001564	2001517
2011547	2004813	1999226
2011548	2004813	1999226
2011556	1996540	NA
2011557	1999001	2001553
2011558	2004408	1999226
2011561	2001564	1994856
2011564	1999833	2001553
2011567	2001544	1999833
2011568	1988739	1996540
2011572	2004854	2001517
2011573	1977042	2001553
2011574	2001283	1996540
2011575	2002316	1996540
2011578	1995988	1996540
2011579	1977042	2001553
2011580	1977042	2001553
2011581	2004408	NA
2011582	2002612	NA
2011599	1977042	2001553
2012193	2004408	2004803
2012196	1997128	1996540
2012198	1992624	2004425
2012199	2006040	1996540
2012200	1992624	2001299
2012201	1997128	1996540
2012202	1981010	2002620
2012204	1996540	2002325
2012206	2006040	1996540
2012207	1997128	1996540
2012208	1992624	2001299
2012212	1991572	1996540
2012213	1989831	1996540
2012214	1997128	1996540
2012218	NA	2001299
2012220	1989831	1996540
2012222	1995951	2001299
2012224	1997128	1996540
2012225	2000930	2000266
2012227	2001283	1999226
2012230	1995988	1996540
2012231	2004425	1999226
2012232	2000930	1999233
2012600	20069608	1999226
2012601	20069608	1999226
2012602	2005922	1996540
2012605	2005922	1996540
2012606	2005922	1996540
2012607	2000932	1996540
2012611	2004408	2004810
2012614	20069607	2001517
2012615	1977042	1996540
2012617	2004408	2006566
2012622	1985845	2004425
2012623	2005922	2002623
2012624	2005922	2002623
2012627	1985845	1999226
2012629	2005958	2002623
2012630	2005918	1996540
2012631	2004408	2001517
2012632	2005927	1996540
2012633	2006567	2004425
2012634	1977042	2004425
2012636	2000930	NA
2012638	2005936	1996540
2012639	2000930	NA
2012644	2004425	1999226
2012649	2004827	1996540
2012653	2004824	2002623
2012658	1996540	NA
2012661	2004429	2001517
2012672	2002316	NA
2012675	2004425	20028137
2013234	2004408	2004807
2013236	1998207	NA
2013238	1981010	2004410
2013240	1998207	NA
2013241	1992624	1996540
2013242	2000930	2004408
2013243	2005445	2005450
2013244	NA	2001299
2013247	1985845	NA
2013248	1998207	1981010
2013250	2002623	NA
2013252	2002316	NA
2013256	2001299	NA
2013258	2001299	NA
2013260	1997128	NA
2013261	1996540	1999226
2013263	2001517	1998207
2013700	2001517	1996540
2013703	2001283	NA
2013704	2001283	NA
2013705	2001283	NA
2013706	2008709	2005961
2013708	2006530	2001283
2013709	2004425	2004810
2013710	2006530	2001283
2013711	2005918	2001283
2013714	2004847	2001283
2013715	2004847	2001283
2013717	2004847	2001283
2013719	2004847	2001283
2013723	2005451	2005918
2013726	2005906	2001517
2013732	2006543	2005918
2013735	2005451	2005918
2013736	2005906	1999226
2013738	2004425	2004810
2013740	2004425	2004810
2013742	2005906	1999226
2013743	2005927	2005918
2013744	2001564	2001283
2013745	20069610	2006502
2013747	2005459	2001517
2013750	2004425	2005918
2013751	2002316	2005920
2013753	2001283	2005961
2013754	2001564	2001517
2013757	2001564	2005920
2013760	2002623	201415
2013767	2005448	2005918
2013768	2005448	2005918
2013769	2004821	1996540
2013771	2005906	2001517
2013775	2005448	2004810
2013776	2006543	2005918
2013778	2005927	2005918
2013784	2005448	2005918
2014264	1996561	1999226
2014265	2004847	1996540
2014266	1997128	2001517
2014267	2005918	2001283
2014271	2004847	1996540
2014272	1992648	2001299
2014273	1999233	1996540
2014274	2000930	1996540
2014276	1992648	2001299
2014278	2001299	NA
2014279	2001283	1999233
2014280	2005961	1985845
2014284	2001283	NA
2014285	2005961	1985845
2014287	2000950	2001283
2014289	2005448	2001283
2014290	2001283	NA
2014292	2001283	1999233
2014294	2001283	1999233
2014297	2001283	NA
2014803	2006502	2005920
2014805	2008709	2008702
2014806	2008709	2008702
2014820	2001283	2005961
2014821	2001283	1999226
2014822	2001283	2005961
2014826	2006565	2004810
2014827	2001283	2005961
2014830	2005923	1996540
2014831	2005923	1996540
2014832	2002623	2004810
2014833	2005918	2001283
2014835	2001283	1999226
2014836	2001283	1999226
2014839	1997128	1999233
2014841	2005918	2001283
2014842	2005920	1996540
2014843	2005920	1996540
2014844	2005920	1996540
2014846	2005918	2001283
2014851	2006530	2006038
2014853	2005920	1996540
2014854	2005961	2004852
2014857	2005918	2001283
2014858	2005918	2001283
2014859	1999233	1996540
2014860	2005922	1996540
2014862	2006530	2006038
2014863	2001564	2004425
2014874	2005961	2004852
2014884	1981010	2002618
2014905	2001283	1999226
2014906	2005923	1996540
2014908	2008718	2005923
2014913	1997128	20069017
2015306	1983644	2001283
2015308	1992624	2001283
2015310	1992624	2001283
2015312	1983644	2001283
2015313	1992624	2001283
2015324	1998209	1999226
2015326	1983644	2001283
2015327	1992624	2001283
2015333	1992624	2001283
2015336	2000950	2001299
2015340	2001283	1999233
2015344	1992624	2001283
2015345	2001299	NA
2015347	2000950	2001299
2015500	1983644	2001283
2015501	1983644	2001283
2015502	1983644	2001283
2015508	1983644	2001283
2015521	2001283	20028021
2015522	2008090	2001283
2015523	1983644	2001283
2015524	1983644	2001283
2015525	2007600	1999226
2015527	1991555	2001283
2015531	20099103	2009831
2015533	1983644	2001283
2015535	1983644	2001283
2015538	2005920	2005961
2015543	20028021	1996540
2015544	2001517	1996540
2015545	2001517	1996540
2015548	2001517	1996540
2015549	1992648	1996540
2015550	2005961	2007615
2015553	2001517	1996540
2015915	2001517	2001283
2015920	2003743	2001517
2015931	2000950	2009831
2015932	2000950	2009831
2015933	2000950	2009831
2015936	2009803	2005920
2015938	2009803	2005920
2015943	2009803	2005920
2015944	2009803	2005920
2015952	2008709	2009831
2015953	2008709	2001517
2015970	2008730	1999226
2015977	2005920	2009802
2015978	2005920	2009802
2015979	2005920	2009802
2015980	2005920	2009802
2015983	2005920	2009802
2015987	2001517	1996540
2015989	2001517	1996540
2015992	2001517	1996540
2015996	2001517	1996540
2015998	2001517	1996540
2016348	1997609	NA
2016353	2002623	NA
2016362	1997609	NA
2016363	2001299	NA
2016366	2002618	NA
2016375	1997609	NA
2016376	1997609	NA
2016379	2000930	1999226
2016380	1997609	NA
2016381	2008090	NA
2016390	2001299	NA
2016612	2010919	1996540
2016623	2010919	1996540
2016624	2010919	1996540
2016625	2010919	1996540
2016626	1985845	1999226
2016644	2009803	2010919
2016645	2009803	2010919
2016650	2009803	2009831
2016657	2009803	2010919
2016658	2009803	2010919
2016659	2004852	2010919
2016661	2008730	1996540
2016662	2004852	2010919
2016667	2008090	20069017
2016671	20062664	1996540
2016672	20028021	1996540
2016673	2006530	2004852
2016674	2008090	2004852
2016683	20010271	1996540
2017406	1997609	NA
2017415	1997609	NA
2017432	1992624	1996540
2017700	2008711	2001517
2017711	2008730	2006530
2017719	2008711	1999226
2017722	2008730	2005918
2017730	2008730	2008711
2017750	2005918	2006530
2017754	2011559	2009831
2017755	2008730	2001517
2017774	20119340	2009831
2017776	20119340	2009831
2018443	2002623	2001517
2018468	1996540	1999233
2018469	1981010	2006038
2018474	1996540	NA
2018810	2008711	2006530
2018818	2008730	2005918
2018856	2008730	1989831
2018862	2010917	2005961
2018865	2001299	2013006
2018878	2012676	20129409
2019006	1992624	2004425
2019015	1992624	2004425
2019901	2010917	2005961
2019909	2010917	2004852
2019910	2005920	2005961
2019915	2005920	2005961
2019925	2005961	2004852
2019927	2005920	2005961
2019933	2010917	2004852
2019936	2010917	1999226
2019938	2001517	1996540
2019943	2006530	2005918
2019952	2010917	2004852
2020028	1999233	1996540
2020030	1999233	1996540
2020063	2008709	1999226
2020068	2008709	1999226
2020512	2001299	NA
2020538	2012641	1996540
2020557	2011183	NA
20049602	1993016	1985845
20049603	1985845	1990018
20059003	199939	1997609
20059004	199939	1997609
20059005	199917	1997609
20089616	1998741	2000930
20089617	2001558	2000930
20099401	2003013	2002620
20109626	2002631	NA
20119403	20059014	2001283
20119404	20059918	2001283
20129631	1985845	1999226
20129633	20069011	2003743
20139635	2001283	NA
20139636	20079005	1996540
2002333	1992624	1994428
2004413	1990018	1994428
2004415	1989879	1994428
2005470	1994428	1991281
2005471	1994428	1991281
2006031	1997137	1994428
2006033	1992624	1994428
2006035	1977042	1999238
2008087	2002341	1991552
2008706	2002625	2002642
2008712	2000950	2002642
2008713	2002625	2002642
2008722	2002345	1999226
2008725	1977042	2001523
2009097	2001523	2002316
2009112	2001523	2002316
2009801	2002610	2001523
2009804	2002625	2001523
2009805	2000930	2001523
2009811	2004856	2001553
2009821	2002622	2001523
2009822	2002622	2001523
2009830	2001541	2004852
2009844	2000930	2001523
2009849	2002642	2001523
2009851	2002642	2001523
2010907	2000930	2001523
2010908	2000930	2001523
2010911	2002642	2001523
2010913	2002618	2002610
2010914	2003757	2002610
2010926	2002610	NA
2010930	1995988	2002610
2010937	1996540	2002610
2011187	2000950	2001523
2011190	2001299	2002610
2011500	1997128	2002610
2011501	1997128	2002610
2011502	2001523	NA
2011503	2001523	NA
2011509	1999226	2004838
2011519	1979318	2002610
2011522	2004856	NA
2011533	2004856	1996540
2011534	2004856	2001517
2011535	2004856	2001517
2011536	2004856	2001517
2011541	2004856	2001517
2011542	2003743	2001523
2011543	2004856	2001523
2011549	2004856	1999226
2011550	2004856	2001523
2011551	2003386	19895189
2011553	2000930	2001523
2011554	2000930	2001523
2011560	2004856	1999833
2011563	2000930	2001523
2011565	1977042	2001523
2011566	2004856	1999226
2011569	2001525	1999833
2011570	2001525	2001553
2011571	2000930	2001523
2011576	2004838	2001517
2012192	1996561	2006001
2012195	1979348	2002610
2012197	2002610	1996540
2012205	2005457	1999226
2012209	2005457	2004425
2012211	2005902	1999226
2012215	2000950	2006001
2012221	2005457	1999233
2012603	2004434	1999226
2012608	2004434	2006561
2012609	2004434	2006561
2012610	2004434	1999226
2012625	2006563	2004425
2012626	2006563	2004425
2012628	2006567	2006563
2012635	2005904	2004425
2012637	2004856	NA
2012651	2004838	NA
2012652	2004809	1999226
2012654	2004838	NA
2012656	2002610	NA
2012666	2004856	NA
2012668	2002610	NA
2012669	2003718	2002610
2012670	2004821	2004809
2013245	2002623	2001523
2013246	2002623	2001523
2013251	2004843	2004809
2013254	2007057	NA
2013255	2007057	NA
2013259	2007059	NA
2013262	2001523	1999233
2013701	2002840	2006525
2013702	2004847	2006001
2013707	2007608	2006563
2013712	2006523	2001283
2013713	2004847	2006523
2013716	2005918	2005904
2013718	2005918	2005904
2013720	2006523	2001283
2013722	2004821	2005904
2013724	2004821	2005904
2013729	2006563	2005918
2013730	2006016	2004810
2013737	2005904	2001517
2013739	20069610	2004838
2013741	2005920	2004838
2013746	2005920	2004838
2013748	2005918	2005904
2013749	2005920	2004838
2013752	2005920	2004838
2013758	2005903	2001517
2013759	2005920	2004838
2013762	2005918	2005904
2013763	NA	2005904
2013774	2005920	2004838
2013779	2006563	2005918
2013782	2002610	2005920
2013783	2005920	2004838
2013785	2005920	2004838
2013786	2005902	2005918
2014268	2001283	2002610
2014269	2001283	2002610
2014281	2004838	2001283
2014282	2006562	1999226
2014286	2004838	2001283
2014288	2004838	2001283
2014291	2006523	1999233
2014296	2007613	1999226
2014800	2001283	2006523
2014801	2004838	1999226
2014807	2008723	2005923
2014809	2008723	2005923
2014810	2008723	2005923
2014811	2006523	2006563
2014812	2006523	2006563
2014813	2006523	2006563
2014814	2005447	2005918
2014817	1999233	2004838
2014818	1999233	2004838
2014823	2006525	2005918
2014824	2001283	2006562
2014828	2005445	2005904
2014829	2006016	2005918
2014834	2004838	1991552
2014837	2004838	2006038
2014848	2004838	1991552
2014855	2007613	2006530
2014856	2007613	2006530
2014861	2006523	2004838
2014864	2008718	2006563
2014867	2006523	2004852
2014868	2007613	2005918
2014869	2006562	2001517
2014871	2006562	2001517
2014872	2006523	2004852
2014878	2007613	2006520
2014879	2007613	2004852
2014880	1983644	2006562
2014881	2007613	1996540
2014882	2001283	2004838
2014883	2001283	2004838
2014885	2007613	2005920
2014889	2007617	2005918
2014890	2007613	2004852
2014891	2007613	2004852
2014893	2004856	1999226
2014895	2006563	2004425
2014896	2006523	2004852
2014900	2004856	1999226
2014903	2004838	199525
2014904	2005447	2005918
2014907	2007613	2006530
2014909	2006523	2004852
2014910	1983644	2006562
2014914	2006523	19895189
2015307	2005457	2001283
2015311	2005457	2001283
2015314	2005457	2001283
2015315	1992624	2007057
2015316	1992624	2007057
2015323	2005457	2001283
2015325	1992624	2009106
2015332	2005457	2001283
2015337	2005457	2001283
2015342	2005457	2001283
2015343	2005457	2001283
2015346	1994426	2006001
2015504	2004838	NA
2015505	2007057	2001283
2015507	2007057	2001283
2015513	2005902	2001299
2015514	2007613	2006562
2015518	2007613	2006562
2015520	2008701	2001283
2015529	2007617	2004852
2015530	20099106	2007617
2015534	2005457	2005904
2015539	2005457	2005904
2015541	2008728	2004852
2015546	2001283	2006523
2015547	1981010	2006523
2015916	2005920	2009814
2015918	2005920	2009814
2015919	2004838	1999226
2015921	2005920	2009814
2015923	2000950	2009827
2015924	2003371	2004838
2015926	1997128	2004838
2015927	2003371	2004838
2015928	2003371	2004838
2015930	2009832	2009831
2015935	2009836	2008726
2015937	2001042	2004838
2015939	2009841	2004838
2015945	2001042	2004838
2015949	2009841	2004838
2015951	2009841	2004838
2015954	2006537	2008823
2015955	2008709	2007617
2015957	2006523	2005920
2015958	2006523	2005920
2015959	2006523	2005920
2015960	2006523	2005920
2015962	2006523	2005920
2015963	2006523	2005920
2015964	2006523	2005920
2015965	2005920	2006562
2015968	2001523	NA
2015969	2001523	NA
2015971	2006523	2005920
2015972	2006523	2005920
2015974	2006523	2005920
2015976	2006523	2005920
2015984	2001523	NA
2015985	2006523	2005920
2015986	2008090	2004838
2015990	2008090	2004838
2015991	2008090	2004838
2015993	2007613	NA
2015994	1983644	2006562
2015997	1983644	2006562
2016349	2002623	2006001
2016354	2008726	1999233
2016358	2009099	2006001
2016360	2008726	NA
2016364	2004838	2007057
2016365	2009121	1999226
2016367	2006563	NA
2016368	2004838	2008090
2016369	2009099	2010163
2016373	2007057	NA
2016374	1995988	2009125
2016377	1992624	2001523
2016382	2001523	1996540
2016385	2004838	2008090
2016386	2000930	2010147
2016387	2004838	2008090
2016388	2009827	2007057
2016389	2004838	NA
2016391	2009099	2010163
2016392	2009099	2010163
2016600	2010919	2009824
2016601	2010919	2009824
2016602	2010919	2009824
2016603	2010919	2009824
2016606	2010924	2009930
2016608	2008702	2006563
2016609	2008702	2006563
2016610	2009824	2004838
2016611	2008709	2009817
2016614	2009823	2009803
2016616	2009823	2009803
2016618	20099401	2009837
2016619	2009105	2009837
2016620	2009800	2009841
2016621	2009847	2006563
2016622	1985845	2010924
2016627	2008709	2006523
2016628	2009814	2009824
2016629	2010934	2009814
2016631	2009812	2010905
2016632	2009812	2010905
2016633	2009812	2010905
2016634	2010934	2009814
2016635	2010936	2009814
2016636	2010934	2009814
2016637	2009810	2010905
2016638	2009810	2010905
2016639	2010936	2009814
2016640	2009827	2010917
2016641	2010919	2010905
2016642	2010919	2010905
2016643	2010919	2010905
2016646	2010919	2010905
2016647	2000932	2009814
2016648	2008717	2009841
2016649	2008717	2009841
2016651	2010936	2009814
2016652	2010936	2009814
2016653	2010934	2009841
2016654	2010929	2009832
2016655	2001517	2006563
2016656	2001517	2006563
2016660	2001517	2006563
2016663	2009847	2010900
2016665	20026848	2004838
2016666	2010919	2010905
2016668	2010919	2010905
2016669	2009099	2003743
2016676	2010934	2004852
2016677	2006563	2004852
2016678	2006523	2010900
2016679	2004856	201016
2016680	2006523	2010900
2016681	2010936	2009814
2016682	2008717	2009841
2017392	1985845	2006001
2017395	2010156	1999226
2017396	2009099	1996540
2017398	2009131	1996540
2017400	2005457	2001299
2017401	2000950	2004838
2017405	2009131	NA
2017410	1992624	2011172
2017413	2005457	1999233
2017424	2001517	2006001
2017426	2010156	1999226
2017428	2008717	2006001
2017429	2001517	2006001
2017433	2004838	2001523
2017434	2011167	1996561
2017435	NA	2006001
2017701	2005902	2006530
2017702	2005902	2006530
2017703	2009808	2001517
2017705	2009850	2009824
2017707	2009850	2009824
2017710	2009808	2009850
2017714	2005918	2009824
2017716	2005918	2009824
2017721	2011516	2005918
2017724	2009814	2005918
2017725	2009814	2005918
2017726	2009814	2005918
2017728	2009856	201111
2017734	2011517	2011528
2017735	2011517	2011528
2017738	2011529	2005961
2017749	2009857	2009832
2017753	2010909	2009857
2017760	2010933	2011512
2017761	2007613	2009814
2017768	2007604	2001517
2018438	2002623	2006562
2018439	2006563	1996540
2018441	2002610	2006562
2018453	1991552	2004838
2018458	1981010	2006523
2018460	1986454	2006001
2018477	2006563	2006001
2018801	2008730	2007613
2018803	2008718	2009814
2018806	1995988	2007613
2018808	2009808	2005918
2018811	2008730	2007613
2018815	2008711	2007613
2018817	2009832	201226
2018822	2007613	2009814
2018823	2007617	1989831
2018824	2009846	1989831
2018827	2008723	2006523
2018829	2005953	2009814
2018835	20109626	2009814
2018840	2003371	2004838
2018842	2005920	2009814
2018859	2007613	2009814
2018872	2011559	2011537
2018877	20129018	2011599
2019001	1992624	2006001
2019007	1994428	NA
2019012	2009123	1996540
2019013	1985845	2006001
2019014	20099402	2011191
2019023	1992618	2004838
2019483	20099402	2011191
2019487	1985845	2006001
2019492	2012201	2001517
2019498	1992624	2006001
2019900	2009809	2005918
2019907	2011572	2005920
2019908	2007617	2009857
2019916	2011532	2004852
2019919	2011506	2011172
2019947	2009814	2005961
2019949	2011532	2005918
2019954	2011528	NA
2019955	2003371	2009857
2019956	2011504	2007613
2019959	2009846	2009814
2019960	2005920	2009814
2019962	2003371	2011172
2019964	2011511	2005961
2020027	2011515	1999226
2020029	2007057	NA
2020032	2013764	2010900
2020037	2007613	2006001
2020049	2011168	2009099
2020052	2007057	NA
2020055	2014265	1991552
2020062	2011545	2005918
2020501	2005920	2007613
2020504	2011512	2007613
2020505	2003371	2011512
2020507	2012630	2010917
2020510	2012627	1996540
2020513	2012633	2011532
2020519	2009832	2005918
2020520	NA	2011512
2020523	2008090	2004838
2020525	2009832	2005918
2020527	2011512	2005920
2020529	2001517	2004838
2020532	2011512	2012647
2020535	2012661	2004852
2020541	2012661	2004852
2020548	2012630	2001517
2020553	2012630	2001517
2020554	NA	2012630
2020556	2009832	2001517
2020560	2011556	2004852
2020563	2013756	2011556
2020568	2011556	2004852
20099623	1993017	2001523
20119405	2001523	NA
20119629	2004838	20059606
20119630	2004838	20059606
20149639	2004838	1991552
2013733	2005470	2005904
2013734	2005470	2005904
2015509	2008706	2001283
2015510	2008706	2001283
2015519	2008706	2001283
2015537	2008706	2004852
2015975	2009830	2009831
2016604	2010914	2009814
2016605	2010907	1996540
2016607	2001299	2008706
2016617	2010926	2009847
2016664	2004852	2010907
2016670	2009804	2009112
2016684	2008706	2006563
2017731	2011519	2009832
2017732	2011519	2009832
2017736	2009847	2011534
2017745	2000932	2011566
2017756	2011576	2009831
2018450	2012197	2008090
2018455	2010937	NA
2018472	2010937	NA
2018834	2011563	2004838
2018837	2009822	2006562
2018839	2009822	2006562
2018846	2003371	2011536
2018847	2010917	2011509
2018852	2010937	2013004
2018857	2010908	2011565
2018861	2011550	2011565
2018863	2011550	2013005
2018866	2011533	2005920
2019004	2009840	2011542
2019011	2009112	2012630
2019017	2013254	1996540
2019486	2011172	2011187
2019497	2013251	1992624
2019903	2009804	2007613
2019905	2009804	2007613
2019921	2009112	2009814
2019929	2009804	1996540
2019932	2009112	2007613
2019951	2011550	2004852
2019957	2003371	2011536
2019963	2011187	2005920
2020034	2010937	2005918
2020046	2013246	2006038
2020057	2012628	2014852
2020059	2013251	2009099
2020061	2013246	2006038
2020502	2009112	2011529
2020521	2009804	2011556
2020534	2009857	2011187
2020547	2012627	2011187
2020558	2012677	2011187
2020561	2012666	2009804
2020570	2013761	2009804
2020571	2009804	2011512
